1ADecU6VvDauV7nxKdydDbtGcPuMmjTzEg,0.,3,269643
1C5wnUdjZ13aDZo2WSsVEoDnUwKkXxCFzF,0.,3,269642
1Gboj5zQiqDN75XSNKK4TSbHRKkVN2c48S,0.,3,269632
1H7UgWHFyXHz5ASdUUzoLZ8ekKJvUQ7TNR,0.,3,269626
16sxSeukTnhjkQBj9VVZsmccurC3PHvQc,0.,3,269621
1BQsSjFCjAKkjqPorW925WfUw96EfKBLaL,0.,3,269621
13aQkpaSpSjm4Y4F7W1jnNjDPEWGdxpy12,0.,3,269619
16WQXPRHxU3Zrg8HRQJhiYxXJtroRTkxTj,0.,3,269614
1D79xJqpADiPuxXh1T1ujoCniXPqRVvBSF,0.,3,269611
1Pd3pxNuan8S37GCb13MuXrYJuGMverQ4y,0.,3,269609
1KT5kRAmoDH3X8fEbMgkxSjAfueTTGHXuf,0.,3,269602
1Hr6NurqSHqtBTe4RN1qQ6ovHUVLkYgiUy,0.,3,269596
1NTH3n78p4LYGtpabry9CuZ8xEob9khmj1,0.,3,269589
13wtd3b8X9geFaykVkBfCJcDmsp7PQLXpq,0.,3,269584
16dnGebyTprP7NGjDhxUeKL5bSjwi5tKfN,0.,3,269578
1DjaAJmCLDvZhYf7MiFYpxE6XvgQo9RXrh,0.,3,269578
1LaqkafzxuDC1F2eGzGTwXkj3t29qEANKS,0.,3,269574
1FbBy7RmfjZSQST1GQgpL5BWKB5oEcCyQw,0.,3,269572
1CQNYZw6m2ytzA6Q8hD2Yfk7zBsFwv3e1H,0.,3,269563
17kvw4gY5Tu8uHYYeUiDrqN3syhd28ajq9,0.,3,269535
1AyiXZzKcm71izScXrcn7NE8PsqhdsSqA5,0.,3,269528
1KSoUG7hSMpZhonTFALBkcHWNUwrptMjED,0.,3,269523
13gPvBnAdz32kUzsm7WQSVrRepZvHDKDLh,0.,3,269509
1FxcEZtrggLwCmXQAC5cFTTdjKXYvNWELL,0.,3,269484
1H1Qk3AWKd1848kGDW77qJ8mLjT97amp4j,0.,3,269476
16C7ZUjHKxQtQaijRmvqgNJjbXaGS32pZW,0.,3,269473
1GWkpUtrKFDFsDAMwmj5SFKEoWCR4sWbvw,0.,3,269463
1BqUMv2hSishLGHN2MfYJzd6CGbN8LBeqR,0.,3,269460
1DX4BveFqxo6KYXDuWxrgTYue4uTGcXXVt,0.,3,269453
1KnHLm8xhwZmLEtNdBQdAn9hjib7T8nENd,0.,3,269452
1CjvnWiSxZ4AhsaABirHchqGcjsFG37S7g,0.,3,269436
1JurKLLyvXPNXJeAyzteJqbM9bdnRJXP1u,0.,3,269436
1DmRpV5RaPnkhUDLWaZEEWL8i4pVkkrktC,0.,3,269432
11AwWvX9UFTxA9yZs4a5Au8A3KrgRA3u7,0.,3,269428
1KkAkLEMAm7tkQQpfzD1x3qVE6ZaZgafvL,0.,3,269428
1P3fQgi6eGLVCu6QwycnoBgnWhTVCJx8Xo,0.,3,269428
1JoyEqGEfGp7DMf5cteU21TwexX4JDwr1S,0.,3,269422
1GUFPrAJwLQoB8NBZXxSnxe1NgwTrB1w1V,0.,3,269414
1LJUDcAKeHyfsK5sd5tCu8RPt1HFScQ4Ej,0.,3,269414
1928cUNR7rxckzvx6ewPEcXUPLW98K7CB6,0.,3,269397
1CKsNhBf3nzCXjYCHxESnzT4dXmtUEEpcv,0.,3,269390
13qJMrRoMTrtX6fhfWUkXwdrev5DR5mLAS,0.,3,269388
1EBYvLBNsr8Etcx7a392G3j9rusQLoMjcn,0.,3,269388
13YYKDwf3cu6ZaoNYos2YMj6uL98DaX7H7,0.,3,269373
1miqr8uZM6VXJpcJAvG8czFrxXxXoyUT9,0.,3,269357
18JrSrcsai1pu3Q1EdsFQ6BNk3wptbd1tt,0.,3,269345
14qD3EVkG5oM9Z2efhHpiuX9v2e39hcpmd,0.,3,269339
1MAFk8a5yeaA8kyMhv8aYhC15FJcanaSaV,0.,3,269332
1MZ2mJ1jNgYSGurUiPtiMM5bhdgUCSuxRZ,0.,3,269329
1H5w5UabwC9YKpNhhvZZhdjWJx4Xsgjzug,0.,3,269319
1P1aJkaho9TrHj7Lp4EksUuofRd6B9p6Zm,0.,3,269308
1CDZyQRKx5rCuBjE7HCrijSTezBkM93ZpU,0.,3,269307
147u1f1y1hQbjGwtEhc7iUiMAz5ZaHJAaj,0.,3,269305
1KjDLJsmBHE2U31vPrV5NYeP3MKq1atobr,0.,3,269305
1DCTWnXF4W2UkhJ3mVwboYWhnFybyXAzsG,0.,3,269296
1HR7deqPyVHr97Pfg7fvkEtiv3ATPHwpPf,0.,3,269296
1CQgmHFH9ovpU8YwYrzSEXr1CMrEpbzjyy,0.,3,269295
1Q3E5U5MXE44HRRL4spuy4Gxm84Nd1N9y5,0.,3,269289
1BwKx6ohDGyA2FjQ1W5NNqi3U2zWtYrRYy,0.,3,269288
1KD874dBM6BA4uQ9CGM6BVffs2NRHBbLcs,0.,3,269288
16Knaat5iwyYRJZ8LjREwEBZxXq5yP25US,0.,3,269281
1G5ZUuqxrRZEgpVSwWgoEqiFXgf46phURu,0.,3,269270
1JYGa6j3xJWJzdwVPkQnJ3tJgcpkpeiGbw,0.,3,269263
1Koa6Frots7snuc11RTwUFQ11nZ4ry1GKz,0.,3,269263
1FzwRjPQKwoNihvSH4Wdkz3C6r28eydcLa,0.,3,269256
15UNfUVAyZDn15SdXBZUwsjnnz4FXZdNf2,0.,3,269255
12Rhc8LGq6GXkvAx2L1poA7xcBanHMXbXg,0.,3,269247
16tV268ANChkXAPeWZSGh6XY1FEro5aKDu,0.,3,269237
1FNPHQq9U7x5WjSiYHdikgxV7NcKvG1TXx,0.,3,269236
19sPWaE6RxXaiNifh7ogi2SgsDhNoAiQoX,0.,3,269215
13oWkTLj9s1GVtoasCjrV4kjDDs9Pz6oyT,0.,3,269210
13iJFPMgff4JLP1xNRmjMboUHcf6JnKdfq,0.,3,269203
14MghVsbDThJmvSQoDMms3vJmM8iA1Mz2v,0.,3,269190
1QEEAfgTnGB55z3Gsj5S9EXDkDh1avaNzL,0.,3,269190
1CjBNa3cAtPiZhrJ3n8oBwStQg1QdNSpkw,0.,3,269177
15BSUjWMJHtnPvrCrdwZeDajB3ewpYNfee,0.,3,269174
12wjXPSwmU5hC3JPUQaAo9RC9Cw3uAjz1j,0.,3,269169
1Gb4pZaw145qQZ5Emy5wVZ51PAFxSvtA6X,0.,3,269169
1AjDE4ZdoDHhfXzuuSvHtbFrBQoGenfqok,0.,3,269164
13WqfNADNA7dxEnyrPcSrPaPBEtNseszPL,0.,3,269156
1DUD913Ydxe2MTS12xY1deBqSMwCru44AA,0.,3,269146
15wwN8cNxzAqMSeriEeukfPzbje323kFpe,0.,3,269138
19hKF9D7njTTz3bUBLcQNmoPJYu5W6Evih,0.,3,269129
1Q8Z75hSQv2ynFhuffJX5HxQaBukRy61uN,0.,3,269121
166UZ2736GZYNX8mpK2UyBoFsvvuCJQPvo,0.,3,269115
1KCWsRF3B3dmn7y2zJFPtb8VTf8xNgVxzW,0.,3,269112
183UEo9oAYnewjg12hJFCL61fxGKRxFVQ8,0.,3,269096
14tvwhDLsXWGr6E23PUU4NjDhv2d1xqpPy,0.,3,269095
1LZgM9Y7DY2HAcvem1PwSU2Nd2uS6x7xf4,0.,3,269094
18oajGCz8wu6j8QnbZ6k9uM1nD4CzS5QRf,0.,3,269087
1Lx4q6XiZ17ubCcq3x389gj6g8T1NQdrEV,0.,3,269087
18jYkR5SPDVD4JFFL1APYHxW5NWAEpejmn,0.,3,269084
1FTcPpkJbh6ZSnMeWDpFpbPBJN5is5Bddt,0.,3,269079
1PQhcAyoPHwG7DP5MduPcQcPotwmtC5LM3,0.,3,269078
13Eu74L9tkxzEC8ZEWUeLLLtSDVJtKo2jK,0.,3,269073
1E3GqZrbp8STnBFL9JyEU6jBb9d7aW2JJy,0.,3,269072
1G24x8bRDt3fUdQha2mNVWxyTBu2zARL5d,0.,3,269065
1Pbmtkb8RsXwFJBNnBbVRehJCqfYb1xf7S,0.,3,269061
181vhCJnR3bGQ2SKpQadfj1EHxMayQck44,0.,3,269059
1BaWsYodwm8nBhAYPCNzFvaTX8iujJP9TT,0.,3,269059
