1GXJReARzYMrvb2zUuSqY3gXbd2KfnnpKU,0.,1,416504
1GXJgzzpEc7n9HBotZNiKb6oufMNS4613E,0.,1,416504
1GXxEcqnaEqWExtgbzFsiwqNhsbdgsN3Lg,0.,1,416504
1GZLYwpxYjzK3UzgMEAPyzo42Kv5KT3m6S,0.,1,416504
1GZnzLa1gGZPQ8mu7QpUtYUwKJ7TwJjdxz,0.,1,416504
1GaE2JWvARfCT8rUEsptnLhzAzhjKKXGT6,0.,1,416504
1GbRquQbc6AxDweCmARnsE4fAsogcxUXiP,0.,1,416504
1GbSox1jyPKwiGqq2rdBRNd2R2BmA74YRp,0.,1,416504
1GcDYK4fTctz9zjWVSpHYuh4Mo6LUjwidp,0.,1,416504
1GcyPiPE2kt8cF7kaxbrbYui2hptQkWfbd,0.,1,416504
1Gfqfub3aTtV7LhHPS81riQz6ZvuCJJFmA,0.,1,416504
1GfuSt6URbpY5BZcXkTMqn8Ey2Fx2Bm8Ff,0.,1,416504
1Gh7G6KAE3AuHY2utuqJ1LACUehQrWY1XX,0.,1,416504
1GhB1m8ec7z3EaJEueEn9gbeVKt5ZUZWfe,0.,1,416504
1Ghb3TyrJ6vkdak2y8mUVJpAY8m8wtudmB,0.,1,416504
1GihLntfNoNgqExHqkhjC6RCaRWkWpDfW5,0.,1,416504
1Giu4VQxEz1tfYyZFWncCxvq8r9dBUdoiZ,0.,1,416504
1GjJnDLM43ZzhPpcSUnFAhzWgsMUaT6395,0.,1,416504
1GmNsUXYqsr6wMTs8HZeni6ARE3DQA41nn,0.,1,416504
1GmYxSxfkEgEcjfTypfqVpX8R7iYaomM6Z,0.,1,416504
1Gmc2JepnXLcc5aXxjshCg4maBnAXtnZF2,0.,1,416504
1Gnwu2qAcbjag1UQtELrhWAHHzdfVPqAaP,0.,1,416504
1GqpffUgueerRA4Smee1WLTPjRsNMggw5o,0.,1,416504
1GqzfPMqQ557g8sZYHBuNJ7nbtsxodyEqW,0.,1,416504
1GsKXL3xi6WTEMZxa9UwqJBmAbWSjX6qJQ,0.,1,416504
1GsUJiRc6GcvUnyi8RTLguLAbxjbnD3eHP,0.,1,416504
1GuWPKe7YuWv7oZybvkBDqZLBkTFLovDFZ,0.,1,416504
1Gv8v2MUHdQUfJJrc7L1499g3EoQn9JviT,0.,1,416504
1GxCXs9HxTfrTbqxYssvmBEKeVkSSptKaE,0.,1,416504
1GyBB26SCuKydhydmzbYRrDLMm9DLTp2k,0.,1,416504
1GzjwQd2YB1K2eKwN9WU8Cknu1ARuRJXEk,0.,1,416504
1H1ps784Tj58vLTYYdUgnq177KujZm3NSJ,0.,1,416504
1H2wGtPPc8G6bxiK93BqRNtgbenJm9Ttdo,0.,1,416504
1H5Gf9gotbPSnaJmMdVgQYP4vm2dCwfr84,0.,1,416504
1H69TGhnyhdM2WuKMKAVXgh5cBpSRj1og7,0.,1,416504
1H7Fdr8fYNssUFupmHgPzVqTgEBfXpbSJB,0.,1,416504
1H7eKfRKENYZH4aKkwn7KjHtyDW5y8A8FD,0.,1,416504
1H9eGgUBgJFtzxZ8vBsC1Uqtv2bYxKkSFe,0.,1,416504
1HAmCKPjACZd8N62xNmDD6VeDS9zhjUtMZ,0.,1,416504
1HBh4No9hEFFY1B9PmPqHbiocJHbEaU2pA,0.,1,416504
1HCkda3B7xZc9bD5KUYHQiicXt3nzZd2kH,0.,1,416504
1HDGRST51145AduaUfH69fFYJn9AgCbmwF,0.,1,416504
1HEXyZq64FWPcrZz1g3JqMpBCE4DxTQZsT,0.,1,416504
1HEnHm9AE5dkTKVE2ma8RNTQMweat6fvzJ,0.,1,416504
1HFeiVjMCeBmaNg97UA2gFV8zZchbLB7Nq,0.,1,416504
1HGVJ6C9cXCjicb5frWWHyRpnjr1W4hEXw,0.,1,416504
1HKFGhQcw5W9zFDZYBtPGDnhQSZi4jitQ3,0.,1,416504
1HLvEGfq1L3ZgotVDvfKoq1YtpkWEsftkF,0.,1,416504
1HQvspfUv1oKV1XcqKdrAdW2WKqynjKVzh,0.,1,416504
1HSNHH1YGGCUsssKqGZEX4Ez3HUXmJL2S6,0.,1,416504
1HWs1hWoNPFsgrEmVmEizHy6Xwm8SgRSYG,0.,1,416504
1HYBXBrUZpqFhEvS5k3X8nJefPFSyku4KN,0.,1,416504
1HeWfBuy7ENsBMCqvXFr6dBt68QwXedBEp,0.,1,416504
1HenobvZdaG7gP1MJpneJZqdGQj3djoBgf,0.,1,416504
1HgdLe5sCvVYdPACd6pFcpgkeNTMCvh5Jw,0.,1,416504
1HjBvZ5D3iqrZEsjMdf825iaSMto1PEG5Y,0.,1,416504
1HmH3Phso4k9ZfW8EyTwEsPbFBtq8Zt7uG,0.,1,416504
1HoDhpdySU3hmUSc2WUxkCMH3naAQP2qHu,0.,1,416504
1HoZWjJKYxJBZcrrL7JTwxwariNFFU2iQA,0.,1,416504
1HrjszwwRxfH8Y5ewFJGkcwJ8dqaDSMB5z,0.,1,416504
1Hui8Fq89aXFgGz2Ci9bzhLNxPW2m5EvpS,0.,1,416504
1Hx7HjGbvPcoVsw3A5TQeVkmGYAu2K2aY8,0.,1,416504
1Hxn6G5sK7GiPyPC7LANoAZgYN5Y8yNgJD,0.,1,416504
1Hy9bMyfy2XR8uatTiAnQMwQJLP8t5gxeu,0.,1,416504
1HzRnTXhtxG76P92rBRdPHuEhZGx6rsoLz,0.,1,416504
1J2VKPyYSaCSUWkvamm3vRAgVPEYJsTofU,0.,1,416504
1J3oa8pmdqNcgVZYFkPF7cnydJZ6yEQW7k,0.,1,416504
1J3xAttk3MsASspDVMBegeiTH3BxNAjZeb,0.,1,416504
1J5cCK51NSQdCcb2SRoMvk316AJ3MPz3wH,0.,1,416504
1J6CDRndi3rZLiq1zJWzJWkubdSBNJGcvP,0.,1,416504
1J6FPLeCqXa6navtewneB9tGV1Mde36TLG,0.,1,416504
1J7Hr5E5yrbvrsv6DYjxQzVhjq7rKXYReB,0.,1,416504
1J7j6VC8pXpMeP92N99uSPqEMJ6KfLLLMK,0.,1,416504
1J93EQrukGXPCnJtnHeQsqxEVxc4562CMp,0.,1,416504
1JADdfw3i2KhFRuvLwnPvgMsC5ZjoRBRnb,0.,1,416504
1JAHZvMgx19YAo5wTpJJSGsiyQLi53uwnJ,0.,1,416504
1JBBrxBqdAwkyVcv85cJy127M7Wwn3hoPi,0.,1,416504
1JBJDkWvS6eXxMC5jtX7WP5m6gFvwtkBFV,0.,1,416504
1JCVddRNAVFSKQ1EkNNr8hfoGcGxzADDw5,0.,1,416504
1JKjqgrmc2NJ3uXfd6AhnGbz8UkJSyKLwb,0.,1,416504
1JPJPYbQjcfttse4vAyKeT5hzL1bbbMRvW,0.,1,416504
1JPnkHgwo92nRPCjAxf5quXPJB52yhW31S,0.,1,416504
1JQC1E5bptVZTNBGJLWqTGmN2i4aFapjmC,0.,1,416504
1JQqzwCB7QnhD2cHxZe3KPPdaGUZAsiBAn,0.,1,416504
1JSEnzivUbyR1MoxwxFdo1VnDJYJywHMEz,0.,1,416504
1JSi6DGqPcdCQfGRH3n93q7LA9i7MKggkJ,0.,1,416504
1JTsgzNbVmWYzWAhyeL1BqCFv3BnqoanFq,0.,1,416504
1JUse1vpPVENTHtNdMxSqm54iAvCAkyttg,0.,1,416504
1JVUkwAu1hzq8MZyC9HPLEuadkYenv49LW,0.,1,416504
1JVwntHEvVji5n3Tnw9tRK7u8UiAgHiKFj,0.,1,416504
1Jct6j9oZRWvrYFVe297nXFQqCVTritBd5,0.,1,416504
1Jcxvxg3WYGM9KurLvMSyK6Hn3vREnmeKv,0.,1,416504
1JfoFZkA48Hu2WkGUJukBAitBupcbz95K7,0.,1,416504
1JfyBmwiQXhCpuRGGDWPXs2JLiLGEz7FsG,0.,1,416504
1JhRw9bm4wXgoeRzLcNZXmkzrqTyu88Qo1,0.,1,416504
1Jnw6ecaGEGvWg1y7wRL63YFfCwFvVH5tD,0.,1,416504
1Jqee1A9JSvg6sVurtgaVSuUdyuRWXHsxy,0.,1,416504
1JqgtiNdKQrmPaHwQfJQjGd8NQuU3Aarvf,0.,1,416504
1JsSKhGwcKU9wxHmt4ovF9gKg25tVazZUz,0.,1,416504
1JsfZazx97b4bLv4DZXuSBHe7dVe1fVwuX,0.,1,416504
