1Pf8VYPJZUoBwBeF6W7HqZ2W6h8aFn1zY9,0.,1,428442
1Ar6Ni8oRipVzLityL7r6Fav8nWp2MCPPw,0.,1,428400
1Ewe8zg93u125hh71LFZmvsoV31UWpiQva,0.,1,428349
17x4H6ToGuvtx33DyNMRdnX6SPJXPLwurP,0.,1,428332
1JkBS7rzfhuL8GHPnAczefU58GHQnpPbro,0.,1,428332
1M46KxB1GKDFLzdSzBjssR3Z78zFtyfiCX,0.,1,428332
1P1Yh7F5kwHRfDcwDxQf9udHe3QT3kfjQg,0.,1,428332
1HqNS2AXmS42dWbxLQaZhE2ZawGr1xKfhj,0.,1,428324
13zYt212vY1CWPLk9FaMJd6wzr5NXqgJnt,0.,1,428305
1M5nJzbRn3MbxvWQD2f9h5pNP2Ym2wFcEz,0.,1,428305
17K8A2a8FAkyhkmHS3pPXFhTaoV9AUHQdp,0.,1,428272
17RR9YsjA41LhhqsFNRdZVhiprhooSWVkZ,0.,1,428119
1J3tjfNJk24BFo23pEcqxi6Ti4TimPUZde,0.,1,428119
15MBJrGFNemFHa7veY5J7oH1LRGCzeC37w,0.,1,428092
1A1sGXVGNisrdufjhWQgagbBMzC3GAj9C7,0.,1,428092
19uobMMWwhkZe82rwRFUgEDJLogz4jktWb,0.,1,428087
139PdHQaexQPJVRX2hqg1u8FNZLvfjPSgT,0.,1,428065
16chGCgnjPyEtsKS39yquJpf6FP3UxjkSv,0.,1,428065
19ZEz52UTABrV6ozQiYHPNA6yC2iz8hDPT,0.,1,428043
13UuJ2oHSggBirkiNYwhVz2uhyAk9ZARFy,0.,1,428026
1GYUTB7Wqn7rBDfUJwLjdGv2JvhmUePFi3,0.,1,428026
1MkxpSjJiU8CT7fNGR3WuLpHsc8CCbG8fu,0.,1,428026
1eby2uK8VgoGzqvJTX3oXGQQhFrpqccBr,0.,1,427966
1BJJQumasowBEZhAkYNKj4mQGV3j9ZJixw,0.,1,427908
1BpEfyFrK1FAPWxqabGvAP3RtXqWK7JE67,0.,1,427800
1EnK2LwXAAKWPMoaPtwBEFiJuCar1ZpYv5,0.,1,427799
17HSzycYtVbSes7eef6kkBMGbDddxkLSqd,0.,1,427792
1JAX5BpMUyckFSXh3PkXqLC5h5szxdFMZR,0.,1,427792
1LebjFFmCjabYjuokEQEmoUZzZxE4nqZqN,0.,1,427792
13HyQxWhJEnojk2kBD4VL8nZE7CP8XesaX,0.,1,427790
1Hyc6wx5FdUUc4cU7fq8igSb14F9jxmH2e,0.,1,427790
1H95MsFg7WJQMVqjEVceroEjg4LGDEQJGV,0.,1,427654
1NGRKfmpuApp4AsZwBJVVCGjEP2kcfM1a6,0.,1,427650
1D943am4NhPDzE8SGjQNGEL2BCCD2b5Xnr,0.,1,427580
1J3qK5QZFA17LpGWM3HXDd69Q6WDL56gbZ,0.,1,427575
12jqwLBLt3Q3hNU2r1Xy6qhWie1zK6fR2o,0.,1,427535
1NjFZLB1g89TGpLywMzsDmMc6GKD2G6cci,0.,1,427535
1AXSHMyL6EXeRTkzL6YXQVNGVkmnPKoXzz,0.,1,427527
1BbuLk47DQTQJN8eK7hLDg5AsLJyB2fh16,0.,1,427527
1BfsWENbRjduvFxKcX8e3bgPV6sxxCAyXh,0.,1,427521
1WqT1tN7ZsR75i6WANHXSb7nNwuUyDrn7,0.,1,427521
14NLhzA3u18brvyQnctdxREfVhTwp1CS4N,0.,1,427517
1PqvPAsiReRpfETKwm9wZYigBmaU7wE9tB,0.,1,427517
12KsGT7eNSiiLPksozRkGtRvDzE5vwnfJc,0.,1,427496
13EfGBHwuAZ75opVjKDnuAsM9221T39E9t,0.,1,427462
18tCYG5Z9G1A7Kv3kLsi5eRUTSuAVY8faj,0.,1,427361
19vuL5So2knsZAJJBNmRZi4JUiCL7BTpKU,0.,1,427361
1AoTSxgZHBLWqnewutGWbbHByBY7U3BzbA,0.,1,427340
1H1ArkXzbzriU9WbKJeJvT3dPCPapX2Jii,0.,1,427336
1JtBVtA8WzVSkFUeatbxvAn21VKDaSC12b,0.,1,427306
1KjsRM9B1s9FqjCjsv2fpLHMDPUQtYqCfd,0.,1,427282
1AQJnouzUGRjQUowqTFF6KLXV5A8vYhKqe,0.,1,427263
1DYLbGBX5XjmTEMhYv2uCjH6Zv7EaXpmn3,0.,1,427226
19gemi22bxrVN4HN27rwRwmaZaubTk1ygr,0.,1,427197
1M2qTfMUkkTU57zFCJBeTXVQNWMmNqGbH5,0.,1,427197
1FwJm5CghsN2FcWqTpt8MChcpaNBoM7wbW,0.,1,427187
135e8CtYZq5JNSMSrodcWgD29ont1unDY9,0.,1,427146
199rbNQjQmr2NJBDZt5Ng71YjNnkovamCv,0.,1,427146
1Q2KJLuezv2KgQeGD5Cv3cBBuVUdkGgcpc,0.,1,427146
1Cq1bevbwShBjYRRwoEFzDWadb5QLqApB3,0.,1,427056
13bSBQApRW5LR5RbUxtnDeuVFh1GT9iNUg,0.,1,427037
17X755xq1PmBLPEwgug7Mc6Feqs75bXYYT,0.,1,427037
17zHaminZTQGvte62CT43viN6Vtyd5VmZF,0.,1,427037
1DZ4vKvx4CmUmG3tUbKfYFwxsY27TFH8ns,0.,1,427037
15mPVS8YajSae1TJv6LnrXhbh6hWzqKXCT,0.,1,427020
1KLmde8xeTh8dRTawHdEZrj27icu5VHGUt,0.,1,427002
13cZpidfUVSp6rJaR7Xfe1cCS8qVL48qTq,0.,1,426991
12tSHgFmCJKLHLb8vVfSDwNngN7ZezsUac,0.,1,426953
1C2VaSECasg7PjsCyUtyBYgC91TRLz6Hfs,0.,1,426953
1HgQkypJoGRJQhmYdLtcVM7DsobvUu6Nmn,0.,1,426945
14HUgmrPW4oVMgBSvUgpRSxZNavw8gCxYB,0.,1,426910
16Pfe3Uv8j9DAxCUQeaqHfSj7gPbfYkdWk,0.,1,426872
1KQaDpafmBU8k2u8ujyrMzUpswebEDa8Cm,0.,1,426872
12NdYZ77EpURASAnVVv9gS8Nu4Ddo87aEd,0.,1,426784
14SFrVu4qCaG8hQAVspH5LXnm7q44ya9P9,0.,1,426784
1ttUnKbwBHhdmWNnoWgKeC8mpJVY79VHr,0.,1,426784
18rFt7Mpej33swQY7UpsVX18LLHkrBQbdS,0.,1,426778
1HxP5RzqJh59EiDedGqtmozdswx1nhPgsu,0.,1,426778
1AX8URrbHcYJrCmVA2DVpfMAfH8m3dFuTA,0.,1,426719
169f9693ijT4mEjPmuDZWfWDJVxqEDFUaB,0.,1,426648
1CXkfPsyDq4fet5XRZjtoCGU3B5rx5FYZd,0.,1,426631
1MrvjgNEEQyKQDgJtaufjJYq4a6xK8KHqA,0.,1,426631
1LTvMxvki8K3UMyBN4Xaxx8iD1cZyknATE,0.,1,426607
1FSbuEorPYQhHJ6DsbiRE6piFqAqzPws25,0.,1,426568
1KUXB1qXe25wuG3ECA326vZXxL9WS4CNHD,0.,1,426531
1EMMQ2vJHC89kZ1s2ZHVVyfqwvh5q82yF,0.,1,426368
14K8uW5SPfWwChJrY4E3ikZFtbCESnTDo8,0.,1,426349
1CQMUSe5Q5sF11zSb6sYRiH9WBQD1M76pd,0.,1,426349
1E9cxha21c5HyKsx2zg5zryvZiqajz7sAK,0.,1,426349
1HV4EvSraETQaqTHdsdNciaYed9N7nXjxk,0.,1,426349
183seijtqRmFVZavGXQppNfxrC6VA7YS8n,0.,1,426342
126x1mLvysasPoqSfJSUEsx8RYZyT1TJp4,0.,1,426336
187xvdgiuDCL3i6aqcWCfZi3DXFXnxb1Ep,0.,1,426336
1EubZWhbTHxsC38za54vZKxvVZ64AgCohm,0.,1,426328
14KFAQ6L58a1ef2EobfLZtuGY3nUrBde5D,0.,1,426324
1NYxhUx2Y7DVsPmztd4cYr23XG29EJ84da,0.,1,426324
1AS47bU4PPtmZLHsPVY87UopwwttreT3X3,0.,1,426321
1L74YubRRaAMppxtZQFanJkh9rZYWwNTiC,0.,1,426318
16u6k1RLnfjziBqmLKamTby5MND5dQQ3fx,0.,1,426263
1CJb28X8jUU3CaDmQT2yDpnMNaLWcC3xGE,0.,1,426263
