1CEBJDZFQb3YaGhfXLYWPhErBCSVBGvFo,0.,1,498918
1DDMiXypZ73cT3AqK3XeAtZpaPahtQ32Lo,0.,1,498918
1DHW5kDVx7tgDSZgyMm22YUEW8Dsrm2UqP,0.,1,498918
1DgXiBRoGqHNJaiBmwFeuKkZbL2eoKGrAu,0.,1,498918
1FR9wmsGwBGhXTxYD9QnWWXRUSMNJCHpiJ,0.,1,498918
1FbVRaJ9Nqrb8zaYjbMMEfQPbbBzMwKbGP,0.,1,498918
1Gk65inudQAYZfr99TrSuSkxk8a1h4oAxb,0.,1,498918
1Gonf8oEUJicHoLmuR1EduuNe3Qjgt83hy,0.,1,498918
1HwSSLkvcrVvniMtFXCnZ3FchwUL1qpTg7,0.,1,498918
1JnjEdPajifGLzwxAFfcZM7sjApHkz8TTT,0.,1,498918
1K9vyA5EoX5Try9MPy3JiBgDNBpzXrjHQP,0.,1,498918
1L9Gj6hteXrBQmpU4cJ1Z2NBFsMM8KFJZv,0.,1,498918
1MGFcaeuPTXZq1DwfqdRHQgf6JP7wuqeZ2,0.,1,498918
1Mm7rViMKypmyWJDDpK55c9d9yNVLTNFAD,0.,1,498918
1NvZ3Xn3pnZQapRzTgm6TY8xT5n6f1BH4w,0.,1,498918
1PPkJyK8yKE4SYtSzeNUZVBgLrQ3NiUREx,0.,1,498918
17qMoZwtjgzQ4mqadY8GqK7VFLH3QgfDN,0.,1,498902
185eznzpQewosjLgrML85sR78umYWpVzSp,0.,1,498902
18kx2UcUesLGTEmifx2VRqsw5PoGMeqvn9,0.,1,498902
1Dat1x3fobkQReEkqwb27nJn3DJw6ZZTmE,0.,1,498902
1E4poGsWtuwctjqFBjLFTsjZgX64AkRwwX,0.,1,498902
1G9TypWdV94aivarnJPkNF7ccUW9HkftBt,0.,1,498902
1GVtWCU2ArV3S1qGmXZAvQYRwEURsve6XJ,0.,1,498902
1HYSBdnzFQQk8dYjsGu29ESgWu8m8SBYK1,0.,1,498902
1JmeCgthXtESBZKgxHijHyA43CFDBqYLAd,0.,1,498902
1KkoWyyLTW9n68dXVpLQipF6hMZznSy8MS,0.,1,498902
1L5tULeLJSDTN8ZJHcxAfBvcpFH18sBHZ2,0.,1,498902
1MhyJmXwGp1Nd62mayiU9WV27FGAkkJ9XS,0.,1,498902
1PxwA4dmapK272yvEEfyGXUXjCG1vqKzbw,0.,1,498902
1QDSxMUT6QewLU6uPKkeDRHX9idq8YvuzM,0.,1,498902
1acvGdRuLacRBNExESarTkaVGicD4DAs5,0.,1,498902
13HEyYKFjPWapAkZJUiS7A9neTNvLHmuU3,0.,1,498896
16KQPKM7whLRb7dBDzZx2XqfSKwYHhnwG9,0.,1,498896
17judhHXLEPnC6Y8PZpk185TiiegkGqXtB,0.,1,498896
18NDG6UnUBFPxVviAYtVKq3GTNRGruNSzZ,0.,1,498896
1DgGZAZSaGMsirDXQLmvNpZyNN2jPzmM4P,0.,1,498896
1GFWUVPcZDAQm164utCKWcJNVkSE43esPg,0.,1,498896
1Ga2So5r3YjsYoMXra6h7eQHZRTb4M5nC7,0.,1,498896
1HQVN1bXkzZA8eRDDmamerbNHnLtbvnHZV,0.,1,498896
1N4LFoN4Nv1oqGdbuxEPnFXjzR7u6rdwy2,0.,1,498896
1N9u5oPDGwQgLjaKBm2CFima14GvLFsj98,0.,1,498896
1Nsm4rpemfw9n4ncbp3SC7Psj794AW3bah,0.,1,498896
13nw253D3KNbSqjYdHkQqQMqLT56DLgZ2Q,0.,1,498847
1ALauChYJbg4bLFE4vWrwSqaC94eU9cgED,0.,1,498847
1Dqm6SEY77RpxrMXVBFfxVGg639wSAzVvJ,0.,1,498847
1GLWMqA1Zu35Prh8JZs4JogVCwyADEFs4S,0.,1,498847
1PfzLPTV25TRxbhqggrof3HKUpzGSDEjuB,0.,1,498847
14aprsaEnh1hcnrKpduqbeywmhriZhk5jS,0.,1,498844
1C7cqekvhKn7TBS24TNsw3QFaPDWJ41DyF,0.,1,498844
1CB5TpUKJjd5vhoG4mdAE8zkzbG9eHvhVo,0.,1,498844
1EC7PXp5UKxWhMEa3Qii7iutBQXUU1yyxs,0.,1,498844
1KnWBPCnepyC8qhu1wFJuxRJ7wsYDKj8ek,0.,1,498844
1KuKjbWfaY8BLr3FeEXAJbVJFZT4RqP4xH,0.,1,498844
1LARp39oUehz4b6buzRGG3mTMSvNJHBkzs,0.,1,498844
1LbTiS7nRxw3SN4DB32X4CAHcvQiAfZRXR,0.,1,498844
1MRuWS6bgG96iGXLkx5P7D7sJ2RU5Yc97C,0.,1,498844
1NwJwFbcpDAi1wefbqsdViPuKK7yV5ZiQQ,0.,1,498844
1QEKq9CjtVtccWiVFAADYbhZYCrneUN8TC,0.,1,498844
125mke3293D7d7UG24kDxn1qD79TvrAFJe,0.,1,498837
14Rys1M2ffgyfLXHZB7tCpxrEH125h3H5r,0.,1,498837
19z4Sbjc8Z9KdJBugDiAAQnUHoTKbygQyb,0.,1,498837
1BLq2MPYhwR1VjVJMVzYgp7HwUnJaUQ1ay,0.,1,498837
1D8fUJ2uQeKC9khR4Df6PXTzdppE6Ec1wT,0.,1,498837
1DG38tcUrpxbE1zUAYstqky1CdVQ6HJNJL,0.,1,498837
1DxDSCpdoeXL3VGFHLkMYjHWzv9ypfQVRE,0.,1,498837
1KTJH1FWS7cgYuyiaLqdH7YSRurNVKurBT,0.,1,498837
1NGE6cEfbpPbiJXzATCJSYKX51K4ZvyUUV,0.,1,498837
1139BVHTpubfT7akW5vpvHV5XfuTuxbLZ1,0.,1,498833
12FyfDFkp6rgNPPMP1sNTWh6Yu7RiJE6gj,0.,1,498833
166ssM4ZsQ7ZpGBsqDq1nQ26fst8emm4GT,0.,1,498833
16LSckNtevX8XK9HF5QpmaRomzYo3JJNZt,0.,1,498833
17mAzgKTGqqzUWLGk3NJJPCaKjgSbhF4es,0.,1,498833
17zwfzZChnWfJHH8UoMT81pTRK1H2SNRMa,0.,1,498833
19dZ9nFvYXqqFhF9rziWjZRRvDaMeUWboq,0.,1,498833
1CG9i5SmNYkvVYETL3UUmr7uTmSADyuhq7,0.,1,498833
1D7jZpthdfpqfQZ9SGVLbrESSvYs7JdTK,0.,1,498833
1DTiCAh5E2CMU7ChJMAu6tTDCBX9iSbn4N,0.,1,498833
1DVEzbofCpp6StN4JvNn7bvnAA2vuEgg5T,0.,1,498833
1ERPfpcjRToJtCAfFefea2Pun9dK6h9g3h,0.,1,498833
1Ehz4Y58wmL6Aw4bLbax8th3kMuc51styc,0.,1,498833
1FRYQZsA5obVC6sfbdhomxRYCeGBeovtt5,0.,1,498833
1GmBCJBhGVYnmus2EYWMPisPUS2na5xyUM,0.,1,498833
1HVXXACf9geXHqLEbUwDJ324joPS8waxG1,0.,1,498833
1KLjhh9DG4KDubzUQJZSvsDP6n6WZxp23y,0.,1,498833
1Mz1RncFwkTvnfUMez5ED3dyGNVsE6zZ1m,0.,1,498833
1sHPzYKT2Lc8huNEKwJq7HhJpg2qKf3gG,0.,1,498833
11Ccwvfj87in52qUU6PW3GpVjPmTQtsBv,0.,1,498821
123AqQ9u1fQXLdxPJfdTQczsVopBLUuuQk,0.,1,498821
1279TGjvVmqaQ3QGqPcMTNzq4nnmyFpa7y,0.,1,498821
12AkVcN6JfLik6HguUX6DLhz8vNdpC5LUZ,0.,1,498821
12isjfUA54fzRa6aQZ4JaTiM3E1NjzNG3j,0.,1,498821
14UBZzGCtqnyuowLZGnBxk3TuzDwYTZsim,0.,1,498821
14p7WWx5j56tadnfVKLYND5WtYk8pcsJH5,0.,1,498821
1634HPRpBsXfcjjTquqdE6hTmNXkbXD6kZ,0.,1,498821
17RNTdUhpTFaUKzJPLTXfJdmsc78htxptN,0.,1,498821
18vyudKsUFHzYnfGZPLrYyCeQ19ZTp14WV,0.,1,498821
1Af9eKFb8rEdWXpBZZBnL9BxF7BjG6ECBA,0.,1,498821
1B3hEv1nd8wz5fjkmrd9u6AkYARoZ6AxBc,0.,1,498821
1E8yQm6goKzxgDnRnC7A4gs4naJmkjma8f,0.,1,498821
1EzFEX9rrJo91p5fo4RyNXES22s6EoVRZi,0.,1,498821
