1E3cWuxECkmmApXssrQnDq8NsMxjrEcsrU,0.,1,475783
1JnkpLfGioXNu4wpRizGUhYxVexJM5Juo2,0.,1,475783
1P1FRZrj1hX6gRZgFrAxXV1pGkrQS8SPJ7,0.,1,475783
1ab1EVbdQ9E39MmuESZi1Rsj6uHSnBksQ,0.,1,475783
135bysqJF1JXaejMwxL8J56yDjFHzZxzHf,0.,1,475775
1A7SAtqxXRdQ54bKZmzMJ6AfeDUMB1eB94,0.,1,475775
1Rre7YPNydGxyGAg9uS6LBNmwu2v86RzH,0.,1,475775
1CQ8v9nrptNL227VmTAhwKdFFchHuAGq4E,0.,1,475751
17SLrXtLzQPaVu2ndByzuBH2L1DqP5gmgW,0.,1,475746
1FbHP2XWEd21HFGkaCAyBouBL7KduPZJne,0.,1,475746
1GxiukFNBVxXmC816bYFVkPz85MKymTTxK,0.,1,475746
147FZGYZY2ti9dh6gCKCejJ8yTEYYkV22q,0.,1,475742
14FnmzUCx3Syi7JtofJ6Nu8b2wT9R4mFRD,0.,1,475742
1A4RAGKErXxcCY3nkpK3SsoTtpP8QY556M,0.,1,475742
1B2Pnj5Qbc7cUvWiwd1swNQQM4pGNh7Pxm,0.,1,475742
1BbMDd4fCPj2wT7dRBz4KAgt93f43SjLF5,0.,1,475742
1JW5hDcMEKDDCwd8h8UTkTskKjuUsi6m5p,0.,1,475742
1MaBVUN3mQfdsanShii4fhBRYwRv9UJjX6,0.,1,475742
1NY5LApHSi8tHNJxvKpyuP65nL58PtEEmb,0.,1,475742
14WESG35WqLxAaDP7toY9je95YuSRGxR2t,0.,1,475732
1BqpTsYBAcGUcBUDoqhteZ4s4pbWJwLg2W,0.,1,475732
1E5EjazbySo1roaYebDK3ujmjrXC2v9x5M,0.,1,475732
1HtoCEijprcFTy4kknJ1BjmgYTtvcA2CVP,0.,1,475732
1NH6Pf5Qna1GrRByLuuZbYqbDG7RmTtrSn,0.,1,475732
1PdDgsLvMoySwG9wc346hZV7cVhNWHEDTX,0.,1,475732
12Hu3uzXSPwc8kJeor2bg6kFWSdswnWtaW,0.,1,475729
13L3sERySNggcchr56QGqAfudcrLEUPkyG,0.,1,475729
14g79SmS6vWBvzdstPtv8tFhq6EAxfFMfs,0.,1,475729
15jTh2eP91JNvmcSAtvu6xrEMaWrsoLiqv,0.,1,475729
17vWaS1eyKK8H6FTREZXw7PXhCnYoUzXjV,0.,1,475729
1C2ABxNRXWPQ1a3A4KSJ94Uy4spywwp4eP,0.,1,475729
1JkLquuBoPqraTagypz8PfqGcNFeqfRgo9,0.,1,475729
1Pc5KPwByyEEP2rJhEmfp87FbveMfdJNoV,0.,1,475729
1712K5hDx7C2wa1wWz52SAJGtY9CtrqNRh,0.,1,475718
17AamTfGznrQLxdhev3c74tRuMJC4LbpCx,0.,1,475718
14z5ZoNAKg1u9ByqcrXp4THmLv9mvMSxmY,0.,1,475711
1Fb8B5cYrh2bCh46zcB6iJtdeCdJi9nkuc,0.,1,475711
1HxsBB4L5jXTEpGZEATCpBedDfUJWzs6sd,0.,1,475711
14AeUwkgACtGiSGbM9bxnpvM7FAB2B5WFn,0.,1,475709
16USWbzVjGJ7Xb6SLq4wZtbQ8GMdFCSuPX,0.,1,475709
1DP6sRJE7frtAnJ65VumzvZevHrFoWRhwV,0.,1,475709
1GhACxhaTg1xNgfMAB2gVHiiQHgTDj974X,0.,1,475709
1JLPEzhScPj7jfX7YAE58o4VD8Pahq5J4H,0.,1,475709
1BS5GuzA3fefZkacnKvQjB6ceYMD8hJKsg,0.,1,475707
1EKkQHaNqsVWC8QpWg4u4G3wuJQp2M2y3M,0.,1,475707
1FW3XcGSxBygzQJEoZeNRs943xfJVjXtTn,0.,1,475707
1HrmgZDgciHLxpT5VUbxnwc6rRNQpG4Fdv,0.,1,475707
1MzrdqdH5PNSNxFrRA3QQzq2VFfXKvULmD,0.,1,475707
1NEZ4WTLVir4WygAbYaPvE24DYpxGtZYwb,0.,1,475707
1PyqaGhwe5K86PBYnt8XeZPKDq4yxw1X9M,0.,1,475707
12VmRgqwafRXWGvfKRVy6icDrhYXTYEXE9,0.,1,475706
13CGa7MfzCmeBLyZ2Lez7bsUfXKZG1aJAS,0.,1,475706
14MvZkzybS5pPpsxp4XSHEEno4hK5EJroy,0.,1,475706
1BkGYZTREdCramE22At7ZtSYHgBAZcJQUL,0.,1,475706
1FJN71iSFMpFWSdHrpfHpwVSfmG3aSbCyH,0.,1,475706
1MayyjwSJdMasixGz7JA4m1EDyTBsjbGqh,0.,1,475698
1ADBbveU5P3irGDmoD9PvtmJ8Lyugcg8Fe,0.,1,475694
1LKkwVQQHbt83Lx3D27jGq795zeAgGcrW5,0.,1,475694
18NFEZsdxZtgf9Hs7RRo69eR6qjAZix7rD,0.,1,475692
1A55cczbZsGDntodoWTE1kLpTKWz7uSYxS,0.,1,475688
1JziuhStmxqn1uRCc6dR7QYPD4jRxDip4S,0.,1,475688
1M9FLKMqLnEzVVDvarZFgcFXksG1WiYERA,0.,1,475688
14apQB4kL4aC9LDtC4EkcNqcnBPdVHYEV8,0.,1,475681
1Ga1PpVjE1BhVJ7apR19T4gLdpvYsy3cBF,0.,1,475681
16nwrMXzmTVffMoPJ9Fsh42U8fBg7tPpAV,0.,1,475679
17u8xAkGb4bZ6D6PJ6axzGxRfzc1PWyHcT,0.,1,475679
1AiiCH1chPumVtZbMYK58ZGYqWYXQthWwF,0.,1,475679
1QQJo12fiVu88iaTK2ZX2kPeGx9GizWDy,0.,1,475679
16chy9P7GtBmJkuDpCb8Tjb5yA97ahnRVu,0.,1,475660
19cRhAut5oCoC3mjda3CZUmVFxfTtpyVqC,0.,1,475660
19kWSnVfb6xuqBmjbsKhQPUR7ut89L19aq,0.,1,475660
1FBwtscz3dGioHXQ9iHUusDDTLbCuUuuEv,0.,1,475660
1FG5wQ6Smdj7MUdN5bCD7TvYRR1th8iyYD,0.,1,475660
1FvL3ddFYTtLKJLRMk97mFWnHzVPTBN4Li,0.,1,475660
1Gd5HCk46jdQZvrhP3Yj1LKK5gVkmENyTQ,0.,1,475660
1B1fRaRrovCyiNwd7evEpLgadKrfoNtFSJ,0.,1,475654
1DGWFC4vwrbASkwtgxs7njTahBPjN6b57F,0.,1,475654
1EJXtqDDrFFMKjYv9n3kQiAam92WfKfx48,0.,1,475654
1DwZMVp36BrjoYvqiFCSEKUwibYgDErRjT,0.,1,475651
1FGkRN5S9o3UoSRHJakWEsrFJKQc97WhWy,0.,1,475651
1Lo2Amxtb3XfZdpMJyGwyi4U3t34n7FVpY,0.,1,475651
1MY6btXiibb8yL1rozGGsrE9W44fhBre4n,0.,1,475651
1x8Hvy1XetGxgTeWdAetRGBDo1y8wu8ky,0.,1,475651
16kkmmr56NyeTSQ7MFZoi4i8yLBqGJeQ3B,0.,1,475634
19gRsGvQcrdSEYBiJ1cZZPWqcCdERjVu96,0.,1,475634
1Bay9rRnfWNbEXLqaTHYtZLyxHozeJHaZV,0.,1,475634
183E3ounBcvRdUUXWgpmQJNoGr9iuVbLbK,0.,1,475632
19izrEYBPSRMMbt6ZHQZRZVMydMfBeqyGS,0.,1,475632
19kYBHzxxoUN6qj5xPsqWf7WL2uWsGE2fm,0.,1,475632
1BAspHhHdw4RrQ6GyBGs9xXXeA7aPxke7a,0.,1,475632
1GK5iJewKEGtRCdrbaVicC18ZeoAmQEKWK,0.,1,475632
1Ht3t9CJcZS3nu8HpS17qp9WJvCq2SGzK4,0.,1,475632
1KqmatrMm8vwuyLskzo9AmLa58rx23tvu5,0.,1,475632
1MbN6Gee8sFe1a28QgpF1AEftA933Z24Wf,0.,1,475632
12UrXkukM3ydiCH4zwc1iKeqw9gQovJqY5,0.,1,475623
13dA6N952YRZJ6ztymtjGqBHchqe86W6Er,0.,1,475623
14apvtrCrLLvJo6zB8hrJJZ4vA6MoGR2SD,0.,1,475623
14dR7Jz9yVCNHqMyW1EkkLA5SPPeDTsEow,0.,1,475623
15S6eDqGgGwZ6ZiNXWV3bZGjppkPyEetS5,0.,1,475623
19vyf7UYSdMBqprPXaR8xRNU3cMH21WwQs,0.,1,475623
