1oSaYSKUymZLiWnmHVYJ21RnhAv7oE2Au,0.,1,562633
1AWzHkTa1i7jkqEwA4BBnXJNFNwcDtmNre,0.,1,562631
1ELcBXGVEBmrr7WQ4E1faZwHtdB2thBD5h,0.,1,562631
1Jv4WKDL45xEu8o9RFa2qp1nMq9vB7obqz,0.,1,562631
1PRTqgCbHTKUHBtmz9a2TcaHvg82zGXqE4,0.,1,562631
12Tp12vdfpm98psvSEuuxGgT6NycwiP9d6,0.,1,562627
12xLVi6f4ykQ4ZFSri7axGNAM8PY8hzoCJ,0.,1,562627
13yw87W4RCibK1E9MV2X1XRHRVQvzXXiFR,0.,1,562627
157Yoivi6wP7iwNKungFpd3icayLq9STJP,0.,1,562627
16VYYVRVetc6ZWG5ki2fdDkKtDxXbEQsxw,0.,1,562627
17P3AuJEHWVHCcdhYNYWVLoWAJsGL6Wvjf,0.,1,562627
17WpN3bhM6PGNBbuYyiYatohxvoYXLEdaz,0.,1,562627
18RL7SJrK8ZeT2y373VFUgSAg6M8QyRM3e,0.,1,562627
18mmtF5YP3h9jXRRzX3SJ64nvkgbU6EnqU,0.,1,562627
1AsNdhacLEcK9nPN83opoYqzwEzJZZDK4F,0.,1,562627
1Aue4UNp1L8LnXWmDEUxCK9TmfZ1FKhrnk,0.,1,562627
1CN9Yoax8buKKFko7ANXZtVLvaULZNfc2P,0.,1,562627
1DnRJHyH16pbAZrX9CeBFpgBXnvx9T1P7C,0.,1,562627
1E135zJsisurhfGg8nUBDNQxKov9HNgUbb,0.,1,562627
1GXrFoNJusfZvafrbZYT1UvwLb5Qs8mBxD,0.,1,562627
1GnCYtSizZfQ7wUTAdju4wSDBhjXLarsox,0.,1,562627
1H6vGq9fnnLMWu96sy95XoDYd9Z5KLBAWs,0.,1,562627
1JG6T1aKAYQe5ZCXoGuSPujvDzVkfAS1PW,0.,1,562627
1JTgfBKE7QYkqSGhrQhLtgfjTrHmXp2sQj,0.,1,562627
1Lhh4MPHgDAfzZtD81BHorXejh4x4qcEd8,0.,1,562627
12UMYtc42iR56fmtWHLBWxiTTE6sEeU9Gw,0.,1,562621
12ZeESUZcNHAri242MCMD5bampET4tafKX,0.,1,562621
12ijrxdfUtGFiVesGYCHGAz45N25CHdrUP,0.,1,562621
14EN8awndFmu7hGpzV3oKj96MwPAsxKec6,0.,1,562621
15NeZWrr51rQuWUyTtSzsKXFrMddAiBDfZ,0.,1,562621
16zPwAotSCm5nLsPBhk5tDW6MPH5V1KUNy,0.,1,562621
18TTXrGf9ikU3cU2vaYPPFbSQjHxdysY4M,0.,1,562621
194q1cnJjpgpmnXzrsjsUPL1fe6NdoMmHV,0.,1,562621
1FWBF5JSdoYqusKsKPu4MdJNwBWLPV9fdk,0.,1,562621
1H9U145EfYWTDj55NLr4qCCpqphnsG4Mpc,0.,1,562621
1HKusxcZa8ve5bsC3vL3XPTAZUc9ShW5yF,0.,1,562621
1J5qyPqwqrZnquXM2okT6tUQWo9T1FgoP4,0.,1,562621
1Lri5HB8oS3FAeimN1E6ZWpfiEFxEGL2iL,0.,1,562621
1P1ZBr4LzUFHkCx4qfnfSvfuY81dYNyTeU,0.,1,562621
1dbdx4UXoCfbYXufKfbEWcBt752MHBpqn,0.,1,562621
137eHe613cgSwQS2tjjnbJsHytgsuQvNcx,0.,1,562620
14pvJ1zBYdTWUwuZ47vXa37cMWmsoGjxLa,0.,1,562620
15DApNk7tPHGVGXCDFNtb1a3ENEaogaSM2,0.,1,562620
18LPKTm7naMR964JHg2a1d8tKzG9yCFM5o,0.,1,562620
1BhG1s5AAzcRFNfHy6oegy9Snx96uvJGCq,0.,1,562620
1D37KNstxY341roPbeym9EpQ2PxvucQh4M,0.,1,562620
1D4rhU4CXhxvtWSifQT92JoZfHW3MR7sRT,0.,1,562620
1DRXq6V2R4RdWWTwtKN6cvzFuXduHN5NBG,0.,1,562620
1Ehr8deWqBZsSr44EocLApr1yY43sXkcKq,0.,1,562620
1FyX96orUSD25YR9Fu7E71zXRS9LnAkk9m,0.,1,562620
1JEQJ9o61HURu19AyokfnMDfaTbzPYWE1e,0.,1,562620
1Mip62z1bUDB25zPBDmrkgZYVrqyDZauH4,0.,1,562620
1QCJ75WeBwusi7vvFDpPu13rfAfioCi6Ac,0.,1,562620
13xBdQypdNKywr2ti1FdsMSyVtqhnQ6tNA,0.,1,562614
14MMuSFovce8dTfehxPrD1eroysgcqjh5S,0.,1,562614
158H2tnCqcGpSkGfw3Hsj7uECpATKpQ29z,0.,1,562614
1ExYK3LufnTk9woLFBDnPChfVZayY49GuV,0.,1,562614
126xcK11b1M4fV8eY3S8AXig1v8rRVoWJR,0.,1,562592
1364dt4vTgEimNYgvQk1y1X71i2mQh6X9Y,0.,1,562592
13PGDWH3zgefe97swh9qFDFokUVVyEwGX3,0.,1,562592
13W2ohSJLDSXz8gJroWESdrW7Di9DB7TvL,0.,1,562592
14P9eyWyCY6YN7FaZe6DmaPcZT4Stkyj1V,0.,1,562592
14XauuPDwY7cNQoiuqUh2tQgVvHHtaKmiA,0.,1,562592
14YoZ7PSMy2bLgPFdTAHZjk4huTbwHSxxJ,0.,1,562592
16QHaWpUzUpvag4JQ36PCkrwCs4J5sVT5v,0.,1,562592
17ynVkvXcGm24FfCku4xkT1LGDMcFAscZN,0.,1,562592
18rZC65aNMuytGwwTdCtd2sxhRngQ2jJ2i,0.,1,562592
19mr7A2BsUvMBh7Vi85eTvWstSQfqaVpGu,0.,1,562592
19svtjPGVjDfXiVhwreCZwzMkKUBEvdVuS,0.,1,562592
1BXPWiscYJTrW3ACWcUAZqMWJFmYYktjvC,0.,1,562592
1BkyBXxRUn7sV7eZWgQntQ9YYZSKMSSm6D,0.,1,562592
1BnAJdnW49e3XnEpvKR4pA9SgzpSZadZMJ,0.,1,562592
1CTDYXJuJdrZnUvX5tnt1urabUJJSpL1S9,0.,1,562592
1CgRkwZ5yAYD4TEMuFQVQ4F4JjebNKKVxj,0.,1,562592
1D8SJdZRoQmTBdbprZhuw9P8fvR7UVMBS7,0.,1,562592
1DqLchaRbxkPYZs6aWzf8dYgWvCtYpd6t9,0.,1,562592
1DwPG7CdnjJPjXAMn44vmJueEN6FGJQUpU,0.,1,562592
1EP2WbUBqaHLyQ7LsrqkNMXqYna8rCqHrc,0.,1,562592
1FzkpqvhkfbL3rkazMVcd4U7inMtGK2QeE,0.,1,562592
1GDTi351rVpzZGSRPtkpHDfVF7ALFvZyRH,0.,1,562592
1GgThG8cW5PVu6AE4Gzq9yicsutDHCD4B2,0.,1,562592
1H4qfdYuhpFLtMNYAVyhSvnXyk3oCW16sg,0.,1,562592
1HeeutKqHN8vqoz1yVWDroWp5M6P2AECSK,0.,1,562592
1JjpKUxk3DzZx3aAkSryjBXZfaqN347LmU,0.,1,562592
1KeFofxKvUbSVq9DAj58GyrGt3igZ67MVQ,0.,1,562592
1KmCHtfKWQmECUsVERCjur78nYQGGLWSUp,0.,1,562592
1M3U2Bnbz2y4JhiETUoDYgdduG2dVRVYiM,0.,1,562592
1MeS4FUH5APYXygP1mu68jPL31Zca4b7gW,0.,1,562592
1P7nrkGg3FAvfdWsWBebAg7o1YFvjjVoid,0.,1,562592
1PSKQQqUjakZsfNwnQZCzzaudbi66dF76f,0.,1,562592
1d27E2mBWCLwxedZyRGomzRF6okEcJXsP,0.,1,562592
12myiYWXBSKDU5cA28KkBZTsKxSLUQcwH9,0.,1,562576
12npjsYHZmZv4zz9TwVdjRSEMTdZBKM7qv,0.,1,562576
13sTgabtNiZV7PmQLCWiY8Gi2GiLh5UhAJ,0.,1,562576
15SH2Q1YgqwAi18HLMPodfzFigVY7Gz6CD,0.,1,562576
164AcoA63vb3VnHhwmCrmf5b3ffXeVgD4S,0.,1,562576
18LdphrGmuLRVDwc3f2nuBxLZdT4dHALtw,0.,1,562576
18tf5aaciBKxZAme2UbSeb9yKP7M9gqx1P,0.,1,562576
19GuQazPzAruhQwhEWL955dshJC7vDojz4,0.,1,562576
19NaXrU1aeKCDo3e4zoym5KS7vsVJvcMsP,0.,1,562576
