151rPv2dN2WB9XMsy9nvxHnfScphbp8txk,0.,1,338224
17kLrqJ6sJLtKJvNZ1icKGUKyECcAt5P7Q,0.,1,338224
1EBYURm3KgwVddT6ghsMwczBg6B9rnZ3jN,0.,1,338224
1MMart1X8uagEpk3fC9fQKFZ4462QeNYeZ,0.,1,338224
17XsJRsyy69D5yY2CJoZ4UfVPzp2oyZend,0.,1,338210
1B235YvnQEGbS5PwDA1jWk22bXtChr4KeV,0.,1,338210
1GfGdcDyRn9KNUX7zq5SiTGBde1QkTpq7z,0.,1,338210
1J4Q47PXrNWvCkZSizk3oL3f6xLMLGJAtt,0.,1,338210
1CT7Ky8b7uAsFKqkdS5RrF92MrjQ1n1DM1,0.,1,338188
1EXo8MKtYVPvEEKSrJFzgbDK3phaeAnRqm,0.,1,338188
1FF1M9hKfX7kDQpMSof56xemJRTNYUAyub,0.,1,338188
114t5axpUELgjEqi9C1WrZ5aRQcaMtfetT,0.,1,338175
12puAVELpHXdLWMqgFYi8tTKQPWpdE32Ye,0.,1,338173
13zpZakXMTVXYMt8S37do7sqdhJRdP9oYa,0.,1,338173
1ADDXteyQmGPPLcAVvPJf8FTYBXwg92fok,0.,1,338173
1Gd5fjCXdCwGJ3CKVVc4ZwcsECQJq7ByDE,0.,1,338173
1DBdeC8gWXbSoNN4TjysZ2gyUSZ3VEPnUz,0.,1,338167
1PFhyb3Hi8GQH4eZ1RG2XhNSSz3xaDBBNz,0.,1,338167
1My56iDSCE9tNb7vNEy3EVvPPEoBxqXa3z,0.,1,338156
1PmGkFmV5YD8pRGvfpL7kbGQazJAJBs5sF,0.,1,338156
1LzMAg6yjee3JoGFJpFQCfvSvLAoQRxR5w,0.,1,338155
128AdHP1Nvzcqbkc15saxgcCCg1kbRDdLx,0.,1,338132
13icZRekNqERuu32bn2jFJ42uW6UfxSeJz,0.,1,338132
14BX2QvGAbUNHkzXQvwxYA3TxUnS5RbNCv,0.,1,338132
14h33vYNVa41Att5xDLmFTJZBV9QRyxnSu,0.,1,338132
1ASbYtL6cQDLXBrsmvufXtoTndbrgtLzYg,0.,1,338127
1CcoygL9eRrPnmdpQBXFeLnAgovUtCjAGQ,0.,1,338127
1FckS5o8kwhED9XMkAmHnNEuT6vUtAEwnk,0.,1,338127
1JGCDmb3gHL5Uz7F3UiCSLKJB7ue6LFfM,0.,1,338127
1CGcYixoNTiGJ1cuwBxeqEHwNDw6tyiWTS,0.,1,338118
1Fz7Ra54gb2iEEJyRBcJDMiyndmLMYKbxi,0.,1,338103
1HLJNTisoNLsy7m8nMUqnrL61uGSrs8FMY,0.,1,338103
1HxaFyWA9b5mRn2T8vHXqVJ2A75PWGvUjc,0.,1,338103
15tCzsUKNDGEwzCxeSAhN4ukNWVWzQktMa,0.,1,338094
1AwsEckLw685n6NHmgYQU8DKiiVYVrnT5c,0.,1,338086
1EYJZJqZkMmB81LdLLjxTKTBpaVGzZhkxb,0.,1,338086
15K7NLsuywihok5y5a58PZwmCQfrmWwyFt,0.,1,338064
18BiAJyNy9uEDprXJ9VhoNG39kK4oUJ1gk,0.,1,338064
1GjtHsMLcQk7nnXapoeimCSLXNrjRW5PqJ,0.,1,338064
12y3HgHoMaH52Vdgeypsu5Z8ePGtgdAHp1,0.,1,338061
137Tg9Siw5ZVcttUNrBhtvQ7TjrDwF8D3q,0.,1,338061
1MzXFAH1kfxs1zSMxvA8P3aCgBKZnPTsLk,0.,1,338061
1HQi7udvRruZhz93MJGXYb6FQbCvpH6yFf,0.,1,338054
15pRhmHvyP94JketHwyZDBQ9gFyR9TZ7H9,0.,1,338047
1HfoMLZEzTTTrW17ZXqBNU21pFBSJVG4ct,0.,1,338047
1Bpi1ByeDwPuvLjCs1ve5cyceqKpavDy6R,0.,1,338044
1LgSX1HrhhswFgtqA6d4kvxWMf4G6Rv1GZ,0.,1,338034
17ZKUqkzztr1KvTmgY3FiETjZydUjcnxnC,0.,1,338026
19P4jbcDsHSR9nVkAz9rPpE9cDZhpa31Wo,0.,1,338026
1AcUR6e2s5rsRVvtpUKhjaNvaXm6LhMEvP,0.,1,338008
1LGjmxq1ukQ7HhRBUfVQ29wL2DpNj6aAMb,0.,1,338008
1Mom1i9X24bxHZJbT3UetRniAFcbxmBi2A,0.,1,338008
18KXTRrQscxN8Ehym9vTbJ5AfVLXqN844x,0.,1,338003
1KCckCQTphmZCUE6qA8dDythEfsGCkXZvy,0.,1,338003
1BW3HjvLKjCABH3Yt2UDXdqcpoG6Lofxkn,0.,1,337995
1LkT63xLM2hgmfKrPjs1QYZJUhMRi5bjK,0.,1,337995
13hPxjddD1xpAcZHMj1ozRNuqL8CPC3wXi,0.,1,337991
1EMFyRyn8xsGJYr3mveCWqrYbshzSnC1xW,0.,1,337991
1EjExUhnb5qWR4brT9FNKMBb8RLbbYx9Te,0.,1,337984
1P5KCjZpWUQ3sQf8aeHNLzCCsc1wB4bKEE,0.,1,337984
13ffsPoLYJ2k1iewUMsTT1jf2iAEojHdoY,0.,1,337980
1AdjTkrVLqDnz4DMWY6w8ECenN6GaN8Hjb,0.,1,337980
1Au9BrYyn2Cpkc8C8JVdvWZMmjx3yaCpwG,0.,1,337980
18cmnWQuLh2unLSRpFAkiqnNDxmN6fNUae,0.,1,337974
18A5hfH6WYV2d5m2CSRhw17qMNCvJdAQmD,0.,1,337968
1BtdLiHDXoJXB3tvFzPkX9DpDAYUSYFcp5,0.,1,337968
14FQqtMgSvMU3pHtvChRQZrWgMLHt1rHvT,0.,1,337966
1MJPcrJ44G5dm3Ebyyu3n3xP8EJb3S3Adf,0.,1,337966
1MyyaXBVxTGfRMhfeW9Jgep9PPDQaJ338F,0.,1,337966
159GbusVnmSAFcfXKtMMgZcR8rrAq1cWFS,0.,1,337953
1PdLjS2JodeH7tV1EHh3i7mEm2HxGbjPiU,0.,1,337953
1999ZBrg4FxesvrCqmDiV1StnkptGJkJ5C,0.,1,337951
1Gx8Q27czxZx7Wxb5mcR2Np9YFJVD9Gvkd,0.,1,337951
1KF9VBzese1GjvUfDJiFSXyRbrn2ysKTYA,0.,1,337951
13xEFGzcsq25RuBX7ouXXX3n3WpBwY6dFA,0.,1,337941
1NTyCCFin9dgsWtjd362ygFPv7jnc78dzA,0.,1,337941
1PioKNDrJYS1VyekeqAKZ5BQu7APPDdTJ8,0.,1,337941
16LMgbY7T6MWRaXohpoMMYUmyo2eroFuUa,0.,1,337917
1G7fipnG6S9zqQh78HPwFnmzUNZukCJKeH,0.,1,337917
1NrtGRQJMBbh3DikM8n71awRcBUDiPcsdf,0.,1,337910
1669GXbXeur58xe53BeRMRTaCA9ftJ8WXr,0.,1,337893
18nEpbJXSZdtDA9SYXThmkimZzPmsrmpX8,0.,1,337893
1EDp5XW4sgPquoTAT395MoFGnNJQqqDJAj,0.,1,337893
1Hmg7Ko1EwW9jLkzMULZ93YozSnZ1C2GEA,0.,1,337893
1PYHCahMb68Mu7bDfZqBS3ToqS9KHAPJoF,0.,1,337893
141ECGsZhScqS2ebdDJwJMABjBQW4GEitH,0.,1,337888
14nN8RRuNf3yiLpSBse3kTZgeVbYScXshF,0.,1,337867
1X5WsxGeNmMjwrNRCVKKQdbXEcD2fnfbi,0.,1,337864
17a8uBTw8zpxsbCWSfycXMkbnEK6KHPKZR,0.,1,337857
18BYm6k2ix9bUij1zWAmLGrXt9BSUy3dsV,0.,1,337857
1CEC9W8uqA1n73tZ8YmyKFZzsiMuE56jfp,0.,1,337857
1MWK5uHAqYKBirU4sWvMUMsNpdyiMVucAF,0.,1,337857
1JSxRvm2Zf1k4bsQooerJgxvfXJb2orjZL,0.,1,337853
1C9ZPUgCbPkdPK9VNLpPNi2wxocTWFcZg1,0.,1,337846
1DTVV15JCc9zV8HdY8TAR1WYajP2NSWw7P,0.,1,337846
1nBfpFstMKg5FBCLcpiJq8xBLUbnYxLDj,0.,1,337846
18HquFUNEHzNpNV2acFPwkuHThcFf7gpnf,0.,1,337828
1NpipUxSwReqtMzmaVYzkEmsJJYkBQUFMF,0.,1,337828
13Z2HbfyAEDy5tUmQmod5T4bFns2GBMvf6,0.,1,337822
15AAfs3HtcJqw4fFfyVeiWboP1jnaARSNL,0.,1,337822
