12e2ujJC8TDKnXkwqhTEbTYgAnMdFr5Kzb,0.,1,361743
1Jojmae41yBtddxF6yNSzDQcHm2izNVhGm,0.,1,361711
115F6eLeu33SnrbBVCxgGZh58A66EMfU3y,0.,1,361707
1JfJYqD8EW6qTro4PqtzG5sULcxYcLexYn,0.,1,361707
1KwSsPLWUySd3ZkDm51DYzizzodvChjnvo,0.,1,361707
1HdW18Tr4MbKbhy17offChpYPtvNZEzQMP,0.,1,361381
12hF3hhdpfXD3iBEFsMbPXx3BP5NuhvZBo,0.,1,361351
19iFZmZKPwuvbaneHrZMxX31XSDfxFfWfi,0.,1,361351
149CU4NJmLdKEeCxT2HStStmR9zhGzgo6V,0.,1,361319
1Kt3o2d7NkMc1CSAmpB8MT9XXWEFhV3S3A,0.,1,361319
1L8UybNBw7d5UR3TT7bS8vJ8AXqQqgF3LV,0.,1,361319
1LGctgyLkPsAmvfd3St6LT8QAc5kde8kF6,0.,1,361319
173Y6GW3bjNidEcheMzPUCGG4863r6djbj,0.,1,361113
13qf7ALoaFWHo2AmC16anLG4rM5ZtANBAx,0.,1,361083
1DwZUzHk5RtDYzMJv2FuLV3EAx32uH37uC,0.,1,360986
12CCQbeZ4gYUc7MmMaaiSqtSFdS3RycPZf,0.,1,360976
1L43cDGmfTNc4o7t7iiYL4drJd7C9d3Nm8,0.,1,360976
18JhecHobrUoSFEoGxG1tGoHxSkdpdQBPJ,0.,1,360917
1DYoWxkhoEAhfKVNR2E61p5upknXi7HBeP,0.,1,360786
1EqSRfsLxmhZe6h7jQFei7eaEm2N4joEK4,0.,1,360786
138MAUoNZG5b6joymB31U4GNLLV3idYaUY,0.,1,360625
13gNiS7bSXQeqdQnkFBJV3ZkuBkB737GsE,0.,1,360625
1LtKpYy4zQMzFTJq2owfbsTyuPv9f6gzYr,0.,1,360613
1EwagZSRt4LtQkhg5mER8CBA1gZNkVk2MP,0.,1,360523
1McHQzLKcp4MVyFNgK8dqaRQr6DvrDUx9C,0.,1,360503
1394YjfMtFuVrekDCNNDonNTaivYEPTMHz,0.,1,360483
1JhSJwGmAYG8uPz5i8RS7g1Zyn6nUmS9Hb,0.,1,360483
15NHGFrPun76cdMCjFkRuBu4rnopQzUHt3,0.,1,360450
1H6oiUMV9SxfbbiJoMMsfiRkTQX7wyRJso,0.,1,360450
18M2RXE5dNJ8fkNwrbm3akDvLL9K4bCjaq,0.,1,360406
1B6hGdmWKuH9WrrHBEAwWBV81RRv3iYTVY,0.,1,360406
1DTXChFpX43DorxYgypGUtz4PiVFk3VhFa,0.,1,360253
1HL2u44cCebeCka3rs5Ms5ETYojCJdmfBU,0.,1,360253
13HoZ3Jr4pca7h8Dz3GiiZVuaSGgcgnKKz,0.,1,360193
17SQ3a8tXvhZmFcVmvmW6hQBjm3DToHPtu,0.,1,360150
134aSSmqoCtGE7bs53pGSQtHCcmKNdLnuy,0.,1,360050
1Hh7sBEXT57Nvm7CtiZoPDqzJ3NLmKXugy,0.,1,360050
1DLfvdrgaeiKr699b8BexqjNLpQGx8VY8f,0.,1,360017
19LRFi85ETMZ5AAyS8bL6nicrf8M2bY31w,0.,1,359863
1947SDJ1TQkqfhU8A7UhxdWh2HSXGvsTo9,0.,1,359755
1NfPkCFbK7ZTbYAN3mGwtQYQ531Rs1gf7d,0.,1,359755
18LE6s22ypMhYTmHEHwFRQzSVqLnsJGbhP,0.,1,359686
1ypnnCup3LKymqYPvtbU5akhEbcinjpwA,0.,1,359684
158Gy6s6Hr1ep32agBchrMj3djtSaSdeNs,0.,1,359532
1Ac3BfPDCrNeLe5L3Fv56Hax6iKWikJ1BR,0.,1,359308
1EQ8hqQQJPvSoTAqEtbhdqxkD1wwPQsmsx,0.,1,359308
1Frm42Rrb91TBADwQoLVqJMh3B5Asdmq6s,0.,1,359308
1NsZHfFKMZdMvU4nqjRxKoaXYfQ86Dyrbm,0.,1,359271
1JMNQGLUhDkFrSi5XebszhtjHAqQFFjgNN,0.,1,359202
1QFBNLgTgrwzBWmUYxTPTJPcB3iTPzUxjr,0.,1,359126
1PZCYre95uyAREmSbs5jcU3Et4ah1THFNu,0.,1,358911
1LAqTiEonSVfzHcbjAXsThtGWh1wT6aMWz,0.,1,358881
1ML78fLi1ZqhZmZuDnDd7j7vj3TJvshHsS,0.,1,358815
17jDnomtCfLju9MkYpsdRdbpAHQptE12Wa,0.,1,358700
19PCnGYR4cnN7jmAHvo5sJJCSGAgDuYijv,0.,1,358700
1GnBvhzCKxzSphuujwGHuBgAySwQNZJ4E7,0.,1,358683
1HqSWz5cbbQsL5HkgftvxxxPrNTugWksf5,0.,1,358683
18xZQU622qNYAWUcsBmkrY9sfCHq5omwM9,0.,1,358674
14xubSzrTj1Ncg4TdiM37ty3mTmGSzYDxr,0.,1,358663
17dsmu8fVfVsCabk5sxJZMzenPnHDPuEDB,0.,1,358663
19Q8pYwxMV3coubxrtVcuHd4Xw1saUXcqc,0.,1,358663
1CEgiksbTjNeg1xMqU28Jpn4pGeJ9b9hjx,0.,1,358663
1CmyGKtBUotcqrqVef35cQFyGWvLS9GtZv,0.,1,358663
1NcZkJBggh56QSxjyj79eTrx7x6vpDkAYt,0.,1,358663
1GxxzDjHDCvC2rAkLtRKmWHynQe31xdnjP,0.,1,358571
1GYBoDFk2KEYgnL9RTRyyEgpbfrrjZ13fv,0.,1,358436
1CK7FCJTzSGymrgNyBpDhFZorAnK869xLj,0.,1,358426
1GFdERLEvFtfPvSnSKxUDPtJbovR59gtBp,0.,1,358136
1MohHDHQC3kstuBe2rsu5YhC23DFCUHL6x,0.,1,357995
14puUncoCaXLeZxSLvEws7rmgY9X3NMEcV,0.,1,357863
1E2wz2ysTgVc7h3eQ4fPC8BYCTzHi9MTq2,0.,1,357729
13Jy7sCLjneRcrqxz3Ka6Pa4emAyLFo7sR,0.,1,357447
15vUDXdmdazSfBQ3w4YmHwLLVAXLp8gNfB,0.,1,357447
1Fb5N4Mv7KR3sAoSs1TCFnydY9SMFYXE8k,0.,1,357284
13wNnXLtUrW4sabm127s29MyZ5HaoerSSX,0.,1,357152
1Emy3kTw82ARUEZXML5Lu9QXTb6iwvpCQ9,0.,1,357152
14pz2Fn6oTrjtXK3AJNpT45RtP6JVHLsB9,0.,1,357127
1kPdCLMrsQyrsy65xGnJHJeWyNjDETSh5,0.,1,357106
187S6QAazUwFcWneYSHeBypb5ziUqWk1cE,0.,1,356871
18pnUgGvSihu9ksv3vfiu1EMT8nPxnRgVn,0.,1,356856
16HfZc8xzqCqnncL21UxaRr2ZcSq1mBey5,0.,1,356688
12k2uzC9xRZJKuyJWastjKVVnRcTKK4fWg,0.,1,356560
113HQMGqpTBC9RdpaeFcLPTWhq1Dt4VR6S,0.,1,356531
12cDJSPAm2x9UwEapGsiP61duTN5RouHFV,0.,1,356531
19uP3TdNnyxcKDfjW9WgfD2p3sWc1ghGdP,0.,1,356531
1FVo5GNohj9yfsTU3RhtCkcPnwgnECQwYA,0.,1,356531
13UPqCnns3NdUEzpdcMTBTXRSbmn59SD9G,0.,1,356418
13bznQKkzg3Q9iF83H1oEBCyYLWLxoW291,0.,1,356418
1QFBNtrXKywKGtc5TeGqs4cZjkAqcRHzaC,0.,1,356384
1ECtYEJfY5QUshmfsD5sFyWu3v2D9hmkVS,0.,1,356275
1t5rREAnQr2ax7jPXVmuBpH9zqu8WjPxk,0.,1,356275
1PurDWssCExgK7B9q4ugWgCNNzf11Tuu3G,0.,1,356109
1JquNwHeTiGt54s7zBUzwTskUDG1uu2NXY,0.,1,355938
