1EFJXrrBxpBqihF43C6gsENnaYJNzBQsrW,0.,1,156582
1FFKJePSPdSW8KLoa2ujawanDgL6G3h6hC,0.,1,156582
1Fvj4C8KNFSumV2vZS9TFWYJwVncChf1Zc,0.,1,156582
1GCLRcw7ZbA55sdkXETHNcmcAh3x9s25yk,0.,1,156582
1JHf9Fb3G2hcTZMAPzpvkiPr8JGmPMz2za,0.,1,156582
1JM8ppgCTiDFE28BWFKYdX4pwopqV4Piyw,0.,1,156582
1JvPG8DAPcFRW4bhQEQJ1uXkQV8paFaxiv,0.,1,156582
1P75XR98AVMYpgmpAFcLzEWtMy1SAnnKS4,0.,1,156582
1Pd6JsSWwFCgFAbRPFuAzSu2V2KPkcrMzS,0.,1,156582
15S6ruvq6ar4yMGYL5g1qdf4DauBVm9T89,0.,1,156577
1C8jDtSrQF7HQmSKtCkc3wKpNZptpNXrbB,0.,1,156577
1DkDVYKiAo4X6oZVpDwK75vtvC6aYMhW7E,0.,1,156577
1EFhWNz2d2xaGUpZkmsL4HJatnedxYjoKJ,0.,1,156577
1Evq4qXhNonqmeq4xSDY6X7FbNDBsL95z9,0.,1,156577
1GCjeRnVxqAGCExo51VoR6VZRoLeRvtdeA,0.,1,156577
1PqgYPHidypFoVar31CCCRSv5rRYyc1ud5,0.,1,156577
12EvjfyKH4fXkSjVdEPCYs3Yuc6Dzo1bWc,0.,1,156570
12RUDBn6tvvb4zCGzYGU14x4Zv5as9yAz5,0.,1,156570
1LHEtdLc5hmUDTvUv2irVLZo3UHJFY5M2X,0.,1,156570
13bVBxWSdR6bvSdspfK4zv9gRtfke1GFEF,0.,1,156544
147XDK3oWjJF8AYi4Roi7zMM5Pu4YbmtyU,0.,1,156544
1A6whiSvbBhky7bgEBhcbNFHNG9o45msvj,0.,1,156544
1Ejy9T1HQuWxD9n8VWtD5FAYiPVgNXsYRy,0.,1,156544
1FY5gFhiUNsPAXYEtKGxXUFxnb9zy9LxHR,0.,1,156544
1JhxnBWqwdmMRFoY68jsvWzRCqKhYfmVSd,0.,1,156544
142fCgBF6Z2KWsFGWbCz5zwe9o3nGVSRog,0.,1,156537
1672aErcgmmAy4Bo3TgaqXXksaxfE4GAzo,0.,1,156537
18Dnfx6qWssVBsxeUEvfPEHuJa3bZAFxx6,0.,1,156537
1ChL7p8Y3G9m1oLQSP1C7HFRU1TgmpSrrV,0.,1,156537
1Fnv8RwzpagXtPKbgQdegg5C7Jn799Qz3j,0.,1,156537
1HecrnmWR4EMstCJhGbeV2T8XuzYdKT1ZL,0.,1,156537
1HgheX9e8d8B58hZK7UADpwjQVGXzmoh7Y,0.,1,156537
1LdESxLBxo5Tm98cWzhdigM8Jc3Yg2dxna,0.,1,156537
1MK17DBLkq5CGCfTKEkfZDfRxQYs9tRPns,0.,1,156537
1Q6wmHFtYrJWmchJ9P6VDTSnQSGD4gpMXn,0.,1,156537
19w9yta8aVb7foDMrPv4nzJZupZpU9NVD8,0.,1,156525
1HKqHxYvbSwpQ1M8N5uG2wknQtGHv5BH1n,0.,1,156525
1L34y9PWFV77xvJBnh6S74ghqt9ePmaRnr,0.,1,156500
132pYTMLH8ueE8bjHSFQwT2uy5MNtfzRKU,0.,1,156489
15HiTJ3iRU1dV9zM3Q9XfY4bERUnZeLQ8g,0.,1,156489
1HMkAsQHHiikWhR2gp7YmTkorspZpvpPFG,0.,1,156489
12j5VjvLkKirqwQnMuBqxCUoKNWYchCnpD,0.,1,156487
157rFwbtdem8X5GeEUqcFSGdJcV5LPRo9V,0.,1,156487
1CTbUgpGxYrF133hNXKis3pQ8ZqUcf7aFN,0.,1,156487
1DpxFEMqFmBXoZsYehFsXKGxUg2QUN3tKb,0.,1,156487
1FJJGrubJBMP5C8zEhRP1Ew8DG6skb8uPC,0.,1,156487
1Le1ScWEPr4uZKN25yHaU5BNbLQuKdL4Ut,0.,1,156487
1PyyQBTD9LntDu17aRoCsr4xUtVXNCJNSV,0.,1,156487
1c49z7Szzc7zZ8AEwRJinwfgdpgMKKvH2,0.,1,156487
18djnDQGNR2LxDF2XTgRVhzEoqSuFnJp1K,0.,1,156429
1CA43Evq6rkb5FithYjJzzQuLDJ863eDjr,0.,1,156429
1FBUk2zQCByDa5v8jWtKF7fJs1XJVwLXnf,0.,1,156429
1NvFfu9xxSy32gAvboKd1CfSK65nd5CoN5,0.,1,156429
13Himo1LQ1KafcSMqEuhGD5pDZ9wpseUYd,0.,1,156418
16zsjysSe3k2gf5XZPVcJYSaeaY4A6QCZM,0.,1,156418
196YYUwm3GR2K5H9ji8YPLCuiMmamVtFHz,0.,1,156418
1Ajn2nyg8NXxsEFmdEWquXkrPSpWHVdtBm,0.,1,156418
1FFs4DgPux3vYj125Pk2BZhAZits5iyUvS,0.,1,156418
1FTyAdUynainvGjaGwuGkBrsrBMFBhg4Qb,0.,1,156418
1LD1Ausv7YNvw2PYJLWPepLD7zfpzNcjRT,0.,1,156418
16GDgt4L1gWTVSzG7zg59b5xmWqNwuSiob,0.,1,156409
1B4NVutt1asVUqgpPbAxFMgpHNZDUusPWa,0.,1,156409
1BET5MeBjmXTvzr2W9YUhUUThaJuAEppS3,0.,1,156409
1DeaSSuDwpBbU78CRd6Re63DDJdL9JZ6eR,0.,1,156409
129pZk5QWeguy65kWp4H9pd3cgAfJVCcgk,0.,1,156397
13vxLgttrNHbe6ttpiFr9wLKw84oWcGZWi,0.,1,156397
16zqC8ZBqHWm1YH4RoNzAYQVSdGSeWhwL2,0.,1,156397
19TiJwFBWfcy68WedrcyXa1Yzeem2JJ3uS,0.,1,156397
1Am2Syq2cxrCaUcTz6L73Z6mtdbBvnWmPV,0.,1,156397
1D7rdpR5hAHJtMcGggtPJQauNjWckDeLra,0.,1,156397
1D7wmG2sZBfkcAJ9vNpi4rmysmkd4BJz8N,0.,1,156397
1GBNkHozqdG8yU1fCv3YQk1sDayGVaadHW,0.,1,156397
1Hi3AqskrupcjuvNmyrsSgRAajfZCwhwX2,0.,1,156397
1Lc2wnzk4R5tvyxmRKnRotWhV4vXDgpt6Y,0.,1,156397
1MpXVLiHYW5jTtsC1TaTK8NhSnB5Nv8kv6,0.,1,156397
1NB7TRuTTvsDZCTQPKH77R9THmr4GLLjDk,0.,1,156397
1PFiTPhqpHL8hWNivDQcqpQVKLaEAzcdPx,0.,1,156397
1DFaqoCNYQk3gthQkKYGJC2at8DymBxuKM,0.,1,156382
12arBwbr3MhqSmDroVwuDWr3U8d2ZBdo3Y,0.,1,156370
12nsCJn5bePJykUADUAtPSGz4pRNneHL3D,0.,1,156370
15isz8Qu24bjmLuaaSgTL9aiAdjDZvynpe,0.,1,156370
1GvSMWXfkiRxkPhJUBhqTSHsZmnqc2uzR,0.,1,156370
17Z6MmQWW73yQoe17sgVynDFLhmeXioveB,0.,1,156351
1C7YxGrhgdZo61wXiATdb4rZnR7bJeGyMG,0.,1,156351
1NHftrXFnp479HCZVs8ZTLVgYpmpM7QAnV,0.,1,156351
15wjay86AXc7YKSruYBPu5L8t22Vrq2RQ5,0.,1,156339
17RFkrkTJEinZcN96D8XyWqjT74KCZeovP,0.,1,156339
17x2LcS9z6WN25H3uCkyD3vCep8Mn6EHDQ,0.,1,156339
1ETCuer6HfToznWmi8R4MDHfuczao5YRtc,0.,1,156339
1PhM7wSMraiYPGm9ieAyw5SsKN3GEuxGAK,0.,1,156339
1MdEN6hyEMPLYQkf1QDkyLEczn1aCyqLpB,0.,1,156322
12yzHxyWiJQHavsfGH3fT99ETrr88bJUvf,0.,1,156272
14HWwpGVu1xMMuyPkXcTJ3mi48EwrKP7wZ,0.,1,156272
18QAyUDNBFJNhSMNQ5az2ahmARwqsTAouf,0.,1,156272
1ALEXYgqMPyvANa5woHigV1Z2eAELEsb9J,0.,1,156272
1B2uYMty86A2UJwHZqxtFrXetLs4ZPjPHL,0.,1,156272
1CaR2779So9XzQxAzZADDwAhzVRH6Xp1E4,0.,1,156272
1D1YhHA3a4QhHcLRHDGtv1y64DeEtWimrG,0.,1,156272
1ESogu5Ziipwo9sxBzKfmfiuPgyPxo3UGL,0.,1,156272
1EWrvfNg8jMJokQDPckRWMc2RT8c3GeExp,0.,1,156272
