1Nz1ahgrP3JvXqxMB579XdGQFnen5iTfJc,0.,1,297956
1QEez4WRhVwp83iLjcSFKcvsnjLLeLK5Ru,0.,1,297956
13FDCLMEBWUrTxPjz6CzmZYsAsxDx8zFBx,0.,1,297927
1DqktU5BQCoNJHHZ2zknDrcrmFdteZMMaG,0.,1,297927
1Ggfkfw3DcPzNwg1ZDDpAFySrNQnNDSUkg,0.,1,297927
1MZzofpmZt2NFnPqYmX87tkFhnkkZiKPpF,0.,1,297927
139oQzge2KJDxgqSGutKEFHnvb3qWtCyXd,0.,1,297913
17Xd3kzjua9hRu8xYXbNbZCchYFRcrzS44,0.,1,297913
18vJEZ8VhUbW4nLaBQeHqwZvxBv6kgYDBP,0.,1,297913
1KZJG5ED1FdKKa8aHf1FTu4NBzrHpwD1mF,0.,1,297913
1P1ZEHUtXRbxm5iR87P59Mi71Lggna3spR,0.,1,297913
15nb7pFuDyHHDhaGU21mtzkD4z6eZrunFd,0.,1,297907
1DnkaVMzhDckVxXQeqRMxRy7v6xuj9B1be,0.,1,297907
1JXxQmwR4sinzHk6ezXHjwjCnXoXp7gm3x,0.,1,297907
151TH6wqGVnjStUpHYhJwtPfpi4YXA2tei,0.,1,297904
1LFCyky2QNkzAfGDrN4hJkae4J5BZNr7NW,0.,1,297904
1LbUh4vLX6Ptco8TkWrLH585scXPwKCwka,0.,1,297904
187ntuTXQyyjbX6imeUewPkrxKmswBXDZ9,0.,1,297879
19N5od2VRB4Q8xmVwRSTZLyaykfKAok7Da,0.,1,297879
1n44KJUyEqVpfgZx6hp1KCP14mPKNibwN,0.,1,297879
19HW4LLfD3Pw74fKXe8dRcXryqoAmuufpp,0.,1,297854
19zLoSvNpqAPFd6Qa2jdzmfnFF9vTXCeAr,0.,1,297854
1BqxDAedCAuRhrqhKHq6qbCtPjEH4kwqkN,0.,1,297854
1MQYci3FFKjWoMsimghbbXNu9TCACQePGM,0.,1,297854
12pPVFUAKoPHSpBUB4pMwpjFV2JbZvrsGd,0.,1,297850
14Jo7kg2UUfc9UJ9sNip6QANc8ZaiRfGm7,0.,1,297850
1Che5McUFymFNeRW2UX1d9KdDuf3L54sew,0.,1,297850
1EaWAqgeLYxNJSJtwgMjr9q8xgXkWcce1A,0.,1,297850
1PrDXV3SSRdviArZWhRXX1RonDKLjGYVob,0.,1,297850
1DFktrob6ZCSqqWFnZP2Ek78eU12aDCN4C,0.,1,297842
174cEWXgzJ9kWi4uk1hd8yMis1HRyN45oN,0.,1,297838
13vQqDSk94zCrcVrXU6K85a9haTajkEsjr,0.,1,297824
15oAE6LwKHbKoKCpEvUUr86BJrJq5HCstM,0.,1,297824
1AV3KD2TVNioKPfR5rBWLwoB44UnpDqfPC,0.,1,297824
1AiQMeLkH5nK4QrdXh5mkWs45xQKCmKcdh,0.,1,297824
1EYZNRawJhn2fgBE5vRYxQFaUdVPuxotS,0.,1,297824
1ME2XKue8ZYieFvFHmAzwjSvBbKyxs3VXN,0.,1,297824
1GbhygwNQZgJZc19AMzJaByhDP2M4RtmMc,0.,1,297819
18tyA9opbqdm5c1wMNW1TxPaE7TJM3yR5H,0.,1,297812
1KSv8wxrRPjRv8smczKaaFXgnzzdCxa4RU,0.,1,297812
1EL7NLLGHs4kUtxxDVBNYi2Ah8Q4FzphkU,0.,1,297788
1NESQ9Bg9oDky5hZ9dE6y9iP9rpZV8dfwW,0.,1,297788
16j9eXRZf8pUt8PApY9kBrFFeGLWNRzYer,0.,1,297779
17TQmLAsinErB2wqZhHSNXGTCFVsDi7wub,0.,1,297779
1Ka1qtxcmuFG2Wy25zcNVUj7fQEd8iQU1z,0.,1,297779
1284CVcDu4aSrq4U4yX7HxSKfLuf84wJo3,0.,1,297775
1LazMve3aXntbKK6aYHmDiBSyku5hPCqx,0.,1,297765
1MSmCatu4ZQ4ojsod1bg8dfJQy5S6EuqNU,0.,1,297765
1BkpUuD7vDa1cM1ZmMoS3crczzV8HGii2R,0.,1,297744
1DxEdNWHQEtbETkfA26LiWkqR8VWVsdkp,0.,1,297744
1GQvumPweqrqEoVzEXBH5ZjX64ow4pUGE8,0.,1,297744
1KYvPnARChfzW3ytTLxKs2pdXUGHsKbuDR,0.,1,297744
1BRU4tFbpre4dnvxixNmFzAYcCjZtY5fAu,0.,1,297739
13LxuHi3oo7XsfsKo8c3XndmEQm3YHz3zd,0.,1,297736
13fqo5aKx2wtoi748XedTa35EjgQ8iueoU,0.,1,297736
195F8gnEqFNyqe3n21xYssNERxtQBEmEL6,0.,1,297725
19ygnqQi43bGJfPhvbjPHu9ZcuVHRAwtT1,0.,1,297725
1Bka8DTZGsF2p9HXUsGGPJvcRpCqyJPLdM,0.,1,297725
1GCSnjNpmZso7iMhPuHse3ccaZQGp9G1B,0.,1,297725
1JD31h21ysiotrMB4SDEbntbsa78zLDSv,0.,1,297725
1pZooQmXtSwrQPJYbBd12DP22F6VU7xbR,0.,1,297725
1MAe2MMRy12aqHgx1YZgPSjp7ymUDPidMS,0.,1,297722
13jZeAN6Tkm6L44TxjANPRL3atrnf46uUe,0.,1,297721
16Gm6ghE8KXgcU54RKNURaJYpqtyd7qWVF,0.,1,297721
17dzcnHSRJgruXi7CbbwpDqjR8VrwaeHiT,0.,1,297721
134Sq9odwRsKzZsKCmqvjPqRh4JHhiQkni,0.,1,297711
1Ep7Bz3B6qYkEwtNNYqsDJnnDVzxzeTS7A,0.,1,297711
1FEBUjrkdvTyuK2wzu4gZgZRWdeiuuVRKL,0.,1,297697
15VdmjP3Aku3hJHKx5MqH5Zcyx9TrT6JEV,0.,1,297692
1Droy3wDbvS2abPLA38wd1dhFcMgvHSVPN,0.,1,297692
1FPbgfAAuVVpLZmNcP47QBBwboHXD3p191,0.,1,297692
1N3BSKx46evuBvzrJuvGXVsaKE4e4Vf3T4,0.,1,297692
15AdfQZr4os4jLoc47xUFFUFJT7PJWAPBd,0.,1,297686
1BuUFv715Mq9xYwYv7fxtTy9GVvgh1vo5e,0.,1,297686
1YYaub9txmQy7mgZM7yfNECBkhZAL9e81,0.,1,297686
1KPiCrPXYufczsyu86AxVp15uhB8KffNaY,0.,1,297672
1FHCn9PyAynzSs7a544N96rksGEmGepvnR,0.,1,297663
12H85Q3ZmrryrVkzBxZxSRmoqxoZfReVyL,0.,1,297660
15pecbFmQmeFfDVC3UcD33FGw5q7nHr2iT,0.,1,297655
199thMf148TKCH8fenLkNmLRyqYeohLPVU,0.,1,297655
1DikQ2kXpFq8BQkZtXMk9exDmB6dmuVPCe,0.,1,297655
1KETzy1d1k86jgst5wwSy3XK87vcMYpSaV,0.,1,297655
1A7ALfJzd3SZynXWU1Rbgg4LBwb9GH2HeC,0.,1,297635
1EAipeh7AhZDnVWjeZiZAkZeWPEYuH1hhj,0.,1,297635
1FUp7QyB38QxRQvzNCtRUP5ubzH6BTegsk,0.,1,297635
1HtFnG4NQFSeazb1JU4T4G3JvyUndavQDg,0.,1,297635
1HvtJJUZrvtJGuJPa2xtJWFdQC5M9DeirE,0.,1,297635
1KH5MqRWZ47o2vMAApW3ntu6WgiV6izAy4,0.,1,297635
1KMzkgGZxS9UihU3GSHUJ5GLsL27HsyQgW,0.,1,297635
1L9VdedoiW7VBuacM4kYnWa1xUHiktJSkA,0.,1,297635
1N6vzKirqVQPjswFyKponyqSWbXef7ijsP,0.,1,297635
1c31wTMvLDQjve67cPRHgnRZAqw3PyxWr,0.,1,297635
1Mdxn5dBrjgPVoD3yLU6pA4sKxaJWMyM5s,0.,1,297596
16sBgSsazTpwRabRt5sYJxiP621r2E1t52,0.,1,297583
17eUo7bfHgSk6VFECbtf9MveHZj87sFnyE,0.,1,297583
1AkFvqRwwZ1RKuXFEf2N7TPGZyUQutn8Zx,0.,1,297583
1CNjmtg7ZaGYirUUvDxHHpvjUzxVM7Dc9s,0.,1,297583
1J4GpZgxKdueUGUoc22RDaKU12EixuNRHb,0.,1,297583
1Lf9BusebvV9fHhE1dLRY6NeyZdiBUtwwb,0.,1,297583
18dWf7oaZp9Hpdmw7afHrr6TbumWG5W9TF,0.,1,297582
