386baMwwPAmGaWBotcCt3NzrPDGT725SXm,0.,1,433116
3B2PWkUufoqiAGyFp8Y1BYYbk1BZ2ThFnP,0.,1,433116
3DVgQsVdL8Fb3s3TfRWFbdNe9zmWNNMHas,0.,1,433116
3DeLDNqui7pRnAByE81Fy7DnESjFamUzee,0.,1,433116
3EgZUT3pNFthw13oT4GUcpRGEni24Axv74,0.,1,433116
3EtNUnirUm2nHtnhLhYRBvyYBoPtkyPkiE,0.,1,433116
32cNuCtYAYFsSxVYtXwwPRW2s4Bty24UEM,0.,1,433110
36Nwvb9f6mjVJBKxRmEC39nMs1ad2vc31g,0.,1,433110
38xbCsUQZRRoaLz3X7Zo2V22fd38dsrysj,0.,1,433110
3Lxgk9Gm8NggtcEW5972sJzG3FF5MAZbV5,0.,1,433110
32yUWoiLdLxutxNELjCxxMSn45w168uG1W,0.,1,433107
34ZgFXtwumy5mS5kVspfjQ9b2ZB4aSkjU8,0.,1,433107
39P65PhbrHaYPm1eLASuiNkgXkK2hDqewd,0.,1,433107
3ErGimyfLdBfgUYFWt9Akk6VbBeLst2Xgm,0.,1,433107
3FHjGRNaHQwo34Z725dD2eNoR7jcrMV4js,0.,1,433107
3LJdThjzcupo2MYMLwnaA3vTAhfBPFq4Md,0.,1,433107
3LumxRRFwkLTmprTEzCDAYkL6qh3Uqaqnz,0.,1,433107
3NHxdDWGiakefafp9W3zgvG4GMUiLonNmf,0.,1,433107
32wxYa1YAYutf27dcKWwHiu2jUabNpPAg7,0.,1,433106
3BCUWWm5EXw9ZsDDvHFTJEvQc6WNhMavwY,0.,1,433106
3DEaSaeLxwYXPZxggZgaEiYSiyQ4vfD7vp,0.,1,433105
3FFGD4XidNmA7wUN6GfJs7WfLRxU1PD9Z7,0.,1,433105
3P7YbXCY1aRTq2q5QR6FDRqPYdiWwBRRxz,0.,1,433105
33vbe22fDk3GuCjGjqTZUPRfLaazMfPPCB,0.,1,433104
3GDmmocvCfRVPA7oUweJ6FqNcvxfGkfGeJ,0.,1,433104
32oCEhVwA7XpGCCJJrr5VkxKSjgzpp2Zk7,0.,1,433092
34BMn52GDZ5peF1XmMbmYiM5B8LMBczU3A,0.,1,433087
36Mf59t3Mjq9KbUYR7QVWkJ6RLM35KqpWw,0.,1,433087
3EF6sYyjkeMoKW78yurNigHnWgtYbNxBqD,0.,1,433087
3NyJTzk6BaYBtUkmnpATmXRopv1Gp2PBLq,0.,1,433087
34D14Uh58xnxNsukLDiMv55rsdGDmJe7J9,0.,1,433083
35FV42yJpEXfzi4PMrBnUz7rdWitPgmY4A,0.,1,433083
36gW8qFdLTKXVwJzj48k2e1sL1GBqpEYq6,0.,1,433083
3A9bzziTF3EgxPPi581d94mY9nnWiPCHhW,0.,1,433083
3BnJmXHtTGdMcrqBkto5h2MSdSUApVfR81,0.,1,433083
3FNav14HoY6Cz2whoAEZs1TeXMk8Q67qwy,0.,1,433083
3LVbRUFi5zdwcb9gtGWNcwHk4LLgbjNpFs,0.,1,433083
3QQ874Tu1M9UfHY4K7snuRJJmHwUUtYg1r,0.,1,433083
3LJ3SB8pLoFd8LQHE8mSPaPekhQ5HeDDi3,0.,1,433082
37fDpLMNXMzdxrB5YYiLchd5NAGcWDAMor,0.,1,433079
3GNJuxWjD23HZiTFsWtSdgta6wvzT9CueK,0.,1,433079
3GYSVY7qTcXe1ddUbtSnuWCrhDPhzsWMUZ,0.,1,433079
3Hx8c3oqrFEqai2BPpbuJGbnssRiwDs3vf,0.,1,433079
3M379upc4SHef2qFRDBcNe758EXWanzEEx,0.,1,433079
3QFDLxDKJjXhd1Vd9TVnA8w5iqVJyfFXTC,0.,1,433079
3QNhXmstfAVnsnvB96M5ZhALsFacdCcpnx,0.,1,433079
3AXNFMhyvfD6MueQfs6rQVvpdGhz41RUuT,0.,1,433078
3FCDoYBhkvGMpKf716etNcDUPW2nZU9eBS,0.,1,433078
33fBrHLgeQXfZbyXGk56Xmdb6SQ83htjf9,0.,1,433074
3GBNEw6iHYykAuqYopmTxYjRDxdPTzR8dx,0.,1,433073
32gXavfFh2SrRcDVXVEvJbsHSAHdn3yVQ5,0.,1,433068
35B5ZXA6sXKsEyaX7EvKpTuRo8Y8DiFfqP,0.,1,433068
36xDrrh7SkLnSwRBXbvNJHjjJ52wRoabKD,0.,1,433068
3Bc1sJ8aHDQA7v4sdxNciD2vgm5PxLgKVt,0.,1,433068
3CrX95ioZxxWhQV2mjRojDXF4cDexSjNXa,0.,1,433068
3LENfnKgYrk8rZGGp5b7CJSk9owkg6Ek5F,0.,1,433068
3LwiVPPUTMJLq3iDioWSMpk5qgQwDe7azM,0.,1,433068
3M53stUmH6TMCZxLmXWWUU6VjM7dPCJDtg,0.,1,433068
33asZ9iqqcbgYKVBZKimU2dUjkt93FagMN,0.,1,433064
3Fap2Du8tRHzGoC1FydtQYydzTAvjPmsq7,0.,1,433064
343mD5Q56FKdiBPYqaareDmw8GQytuUqJa,0.,1,433060
35TSr3MACt3yYnZJxjdEczvd9UHCWSvcEW,0.,1,433060
368JwfDdRAWSaqqskCF2yCDAAJJHQHW4uj,0.,1,433060
39cFxNK77EhEMonUQ7kSwh2PjotKq8SGiB,0.,1,433060
3C5yz7JB9okNAX6S2K25RhK42oGhHCuNrd,0.,1,433060
3Eyr6gQhCWAWuiEEn5w4K1zr3mMaU89xGx,0.,1,433060
3GxGQeFbnAnU5Nx8SKf7rzfG1C2ry32JYj,0.,1,433060
3LbkXdEWHj4yu3f1Rtg7CdAnCnX2hsjZeZ,0.,1,433060
3Lv4A8MQcpr3meM7mNTFWZnLhzbctuCQuC,0.,1,433060
35s6Mu1mSXGsKW8XGg6paiEPqXdBTM3bPf,0.,1,433059
377Mh4gyAsgD1J4rsZRTxD7FYZtTiih2vv,0.,1,433059
3H4AJ7pV81YafuPiFdfu6xfnSCEQXDu5D2,0.,1,433055
3K1YnK2AGiKjwspJB21a1Lnt7uGhrnNMPV,0.,1,433055
38MKLZMLVRK4uVNiRhsdDT6BAh7oyELWBE,0.,1,433054
38CuG3YAgAMgWBmyRL38WPCGwUCSAwaBPW,0.,1,433052
3GKDhqJs2sh4d2i8e12ZFcAy6SCuhn7DSG,0.,1,433052
33Tuyb6G5e1YnWg9wKtkTEHzztDZzphvLy,0.,1,433050
38ZF87RFVuXjvgcmTQdrAn9mhGDMgwq4Re,0.,1,433050
3CqnYtzbYkV4MksZwMQh2b9xNVgVBPF1uc,0.,1,433050
3GzSi1q6ZWJFVgScvJAUPoV89NM61yctUR,0.,1,433050
3MsXKqPKipcHe3NqgrZNAVVo3MF9FScugp,0.,1,433050
3N7RSwiEgJFMHKUNENn15DKv4rCfnZrhCi,0.,1,433050
3L7VQT2hWwD9oE3sVH9LTzoDanjcnvrRPQ,0.,1,433049
36ZvDy49hnnnaizqT7zgeVWX5zFzWRWUYA,0.,1,433046
33sTctRpocz584MTMimtF3CAwbfWBmByT1,0.,1,433045
36z5ojr8VeJm3vHkCEn2Bqz4bmFEMn7v3x,0.,1,433045
39zgKqC2hwW7EnBnu1C76EojGcVTHXJrPA,0.,1,433045
3EccuZUx7RXT7cngacq6EY5bzob7R8sqUp,0.,1,433045
3JRsPeiK6sUDfXRtqtK7osP6mqHHHK8pAT,0.,1,433045
3NK2qVjWhqbvT7ZVk8xxRE9VWpXN2YCrew,0.,1,433045
3GriLDyiNBR8HQ1A1gofhhdRvU74gJpa3e,0.,1,433041
35jqnTk48xSqbF5A1dEeGdiQesEEjcsi8C,0.,1,433040
37VkrbHdP3e7k7y8Ha3mrsv51wuZ4hg58q,0.,1,433040
38uRNWCGHptFbDLt2GoUnd5DTkpctAKvic,0.,1,433040
3Bu6NDEtHdbiUg6uoaAKdBaHSddATMaRGe,0.,1,433040
3H5VXLzqjCqKRU5ybvRpXmioRshBdB4XRx,0.,1,433040
3KKBiZ5uABTEHbet6tiwqxiD5thEbzHCj1,0.,1,433040
3L2zMMLZEHpUzvYVdaMEAa3133oKXpRapB,0.,1,433040
3P67xLRpghuZP9hZh3uGTJiTKKaRJiBqSu,0.,1,433040
3QFZ2gJY5ES1Cc9C4PiYjLN8DyZfojKQkK,0.,1,433040
