3Pjdeudv2zW9QoVXvwCDsfrAnomWoCufGE,0.,8,504840
3AVxb18KNNsb12Qh7mPBS2NDx81BkrxyRr,0.,8,504737
3MjAfJgw5Hu8xPQE38otLDrMWpk31SjV6N,0.,8,504699
3KXGKUBAMQYLjDPWCr1ZX5FQ3CJAcMhSG2,0.,8,504631
3FSkaQt24k2Dk7XHpUFirb72rt4fB59TDE,0.,8,504575
3A7r68jVbbE7HySM4sXa6Un7E8z32CmgPT,0.,8,504557
3AUxStQcNJAqxyfK9venSGnHha2TMaMMbj,0.,8,504499
3BX4dpeGdYAPaF9qynRCedPC2hWt2wCkSC,0.,8,504444
3N1mJB4dqtayE73D6mVpB7ByRhgyK2ujcK,0.,8,504436
33sisYtLHsu2VHn3TPnkTDEjW4WfD5cBBu,0.,8,504407
32BToQJa8CDhyeNJyZSg8kTAEbpnqUZwVd,0.,8,504251
35sfCYJ97BWzzpPa6bFHLv9G6Eqe73VuNf,0.,8,504212
3QSWe8ZZppuEc4KnZ5rkrd5zPj4jMQT8Cy,0.,8,504212
361K6vXnvKUnGhXsz5uXRHvBiS6mJkSjFw,0.,8,504210
38L5VVWATbjhuSgyd1xF9XdfUtXbYNZQvd,0.,8,504210
3AVN3JdGv998wZcA48ihjNRw7GqsQqUUuB,0.,8,504210
38gP6AS8FHS1htx5CeYoyHHM3ptJM6vDQd,0.,8,504209
3BqQbLSKhvYpaKJu4GPvHxt7WKXquremUs,0.,8,504209
3KNAjg4hSAvw8N1xRuEmj6WtUXfzr6ZhhR,0.,8,504209
39ZiCAdvSTzXriMGcADTFsmyTtxhbJbibS,0.,8,504208
3AfsAUVs9qvkoyvDpBFzhM6anYoAoRXhHX,0.,8,504208
3AwGjVtZywzydD2sVBfdDa7KvwZJkWcnau,0.,8,504208
3JppURYftjdKnUHzQePF92C19kecbXTcPq,0.,8,504208
3Dazzug1JyZQYsJDHA4QXuSZ8L9xm9EFDK,0.,8,504207
3FXaRbEw8LmBASFL7g5irvV37Aqu7d2zCz,0.,8,504207
3Pie7aWwsJcNdWtesNvk28Dt1sjcBAkTSv,0.,8,504207
3PzdXQtQQ1p9snvDirse8LUDNdmt24H9N6,0.,8,504207
3DiiR6YupkqtxL25tHcjRVv2p9PeAdf1xa,0.,8,504206
3J6TuzQN6QghvTyFHEqnqgPNfkNccWCPvg,0.,8,504053
35wT3i6uMJTnxWmQuLD53GeGxR7FoarhYM,0.,8,503979
3DNEDJi9kEmBpoGNBT2RwBq7QSLXFSUa16,0.,8,503933
3GyAwqPcVCcunCstBbEQc1aJ7RXhfkYuVu,0.,8,503930
32Xjb8n4LFRESAWEtPNjf3pVJDRxHEhBXg,0.,8,503899
3JzK14X9rmpTbwx7a5iAib1nRx2fQzeX2K,0.,8,503766
3LWXT3U7eq8XF1fqtF9cTGh7rN34Akn4Eh,0.,8,503766
32Xme7PUHAeLkM1nWEUtQfQHhLCzFGYvKr,0.,8,503765
339PG1ytCePurJm14BXzqPeG3FU3tYu6xq,0.,8,503765
364YU6pYgsAry3wDGWPpZRwkeLGc77bHEd,0.,8,503765
369Rc8HPXFjtWUn7Tv4LFNBBvPTaFy95UM,0.,8,503765
3B1BKZrenPYgig9K7C7y9RKCrvZTsXD2Ai,0.,8,503765
365yDspkyDAY3V4gHGXyBvc1f3hMhgoyhC,0.,8,503685
3AdGuTER8V3kRQUTafE3nNEmCUYDG71Gbu,0.,8,503452
3L4R3hXzhWqNrU3hQf9weyvayKaXZSpkJL,0.,8,503452
33BghFwuMXa9dmtuZzvipTbD8ZnmtcpVPV,0.,8,503312
37BwydtmB7fxdS8tAj4UJUAKAC529KBYaF,0.,8,503312
3CKJvKz8iyj7xKjmcz59xWgF47CmT9TH4N,0.,8,503312
3MPxZHspiWTAo5Y8faxn91Eo8dMDGLemwX,0.,8,503312
36S9Lf1VQuaBroCYXnAWxNsiQwZdRp5ywt,0.,8,503047
351RPx9ynq9GD2Zo6nY5zHXuZuk8BKyCdy,0.,8,503045
3HjBtFLBEjN6927aq3EDJDXZktkzYg4GhZ,0.,8,503036
32todfWvhbvqRqC2CpmwLN8KVDdHSYC2R7,0.,8,502749
3DJEVxqAUXZkPPuNA5BtMcv2na2wxrLpRe,0.,8,502749
35BqZP1wkamP8FsmGkpnCmunpgJBpYZSyJ,0.,8,502719
3CiyPegBLGytVx99pbVxfTMt1x7HLaieXA,0.,8,502575
32Co1PVALA9kYtyVkE8SAr2pUAfJLV7Ya6,0.,8,502518
3Fpnq9mUksMYbt8cuXc5s4LjMBUFLWoMSb,0.,8,502393
3AP5NfWQm1K2cCD8GGpGW2mCpTXnAoB89F,0.,8,502390
3BngLexGiQVSjXJsGWQFcfkvkxNQvswLRZ,0.,8,502390
3EkL4oEBBmqqpyFu8XHST79fAVfQzxpUTp,0.,8,502390
3QHrmsFWyL19ZTTrKmnDac9TunBeP1xK53,0.,8,502390
36nMzkaGyJ1uNpXwfrEoBGhXSsivsKjeVd,0.,8,502012
36JWsrmKEUpW1Ho7kJsC7B1D98Nt9LzPRG,0.,8,501951
3Lzy8tZUw3MfP2hTDtFe5syCRHMiFSxwLs,0.,8,501739
3E8Jk6i9xHcMRDqj76AwKdHMW1d2txonMU,0.,8,501717
3EruZY1PMJFznrgc8eywvWSd6wTxidMcEL,0.,8,501615
31yEnYNTmciKfRNbqkHYPaZ5iRyCyDHp2M,0.,8,501591
36491ADf5YyNGKf86yiXiTHu2tcnSWy7pg,0.,8,501488
3QzyAGe1EAyL8DpYM4xcXsfndV9jTa1BGg,0.,8,501488
36oEZ4Kud99uNQ7bvdHXHrSNgRs9NazKPe,0.,8,501384
3GipUwmcop3kj7eb8bQD5d3u29MgLcZBrc,0.,8,501384
3Pp2sKavVtqkgkbq2BFYyadNYuBAreubHd,0.,8,501376
36uWMNmJUkfgyyLshqTeB16Ssp16U3rC27,0.,8,501344
3JFXiduRcxbv5Ekb6iksZPuM6mDkihxVg5,0.,8,501323
3LBR6QGdgUrAhQ5aiGbFD3XnXmph8gDYqY,0.,8,501298
3A1Nev4FSNAvx7BmWVntU5KbcYCXdaJEFc,0.,8,501215
3K1PULGLqqdbEUZivSCcuhaLR2CQSSX6jE,0.,8,501186
3Pq3Pmwc1aaEntkBbsU9Hf6CJSDsDAHENW,0.,8,501160
3JAxeGMx4mdjZ99jbZh66bCquW7V2R5SFS,0.,8,501000
3KvCMnWWDzCM3y62xQsi29pKoYUYH6C24D,0.,8,500961
3HY5vZrHtWUXogPFSZnULNaN26yw22hod2,0.,8,500897
31u1591PFddVviZ2XyBRVycJs2sE84EA4v,0.,8,500881
32speAkiHUgLzrnu2pYEtLqxiadjkrGsK9,0.,8,500824
3Ly6LXQjJh7t2H4qrCxrPGUGH894AZBfw3,0.,8,500824
32mCSVpqQAM67GShkMM1KtikF2D6Qj7e1g,0.,8,500816
35Qa3MecTidc94Jh5KHJ7mytsUL23XmgFs,0.,8,500775
3NbKo1VHH9LMWqEKLSbADr2kEwAEmc1jbu,0.,8,500755
3NxS73zrYssxxKFMbdX9G2FuUV4eSLNeGF,0.,8,500750
3AyBp9qeQstVszHMze17j8DqKa3DCvSskf,0.,8,500714
3DhCjg5oXbUnsoxssbrPRvkAd8xz5SKv1c,0.,8,500654
3AAv9CMrXELF8mk6FLfZ1E7gdnWaVf5y7f,0.,8,500603
396YZkthV67W564FZwej1Lyr2noaJZZnmL,0.,8,500601
34bHgLaKSDHoFED6TxmdJioRBXqJtteYps,0.,8,500569
3CfYM6XA2a8C7YhadHiXU3VSFkGPAiyrQK,0.,8,500563
3DTBvR4b1RWtnn9KEK1wKKu6Suk2LYVPzL,0.,8,500540
3PL45XYwpkkH2CrecmVxsg1Sr8vLj4aW46,0.,8,500522
3LYTZn2fb6iK6ogzhY37jmKK3pQ7sDT26Z,0.,8,500493
3GFnyyZEwYpSRtkSM7pV5kRyz4tFPWXGHT,0.,8,500372
35BtBzuyJ1XiYZYBMBHATPjJfNhRxnhQeB,0.,8,500335
3NZbGUPJgzShZx5UarSkHLoAcJbtr1wFmD,0.,8,500318
3DusZM1fMGrP9WK7TCQrNbpV1qdXtWPJ2R,0.,8,500315
