38Hc4Csx7oncE37ViXDo7AqFcdu4Bfde23,0.,1,505990
38UNzFiWNRtNLSuGAjMkHru3s2LnMBSj3y,0.,1,505990
395wC69oVMKf4DMCSgoeov2GQHSYccpQgG,0.,1,505990
39GE4ZymaVD35CeVCVvpEShg2e332PTqXB,0.,1,505990
39QNy2L7UgPheK3kwxQAN4BdkfnRXf9gjW,0.,1,505990
39UD1tRGicYdU9WWi5Zicjcfte1tPkYbkc,0.,1,505990
39ashMvBS2nKvjnjQDQLpG5D3z1sGbv2dK,0.,1,505990
39oo4EeeCik3QLApJNkct6UVswTjE2tnjo,0.,1,505990
3A61kRqadUyBED8r1Zs1ATRMY86w4dftVV,0.,1,505990
3A7SsWNy43mQWGg1AnktpanWwbyEZh3aMS,0.,1,505990
3AQ5bmeqihxyZGd2awUfGS4hcGWzvCJYLm,0.,1,505990
3Atzk36Kht9j9SX4k65QKF9x53W2QtQ7Ni,0.,1,505990
3BTaTmYYh75ksxzyEaMYZbstCfdLkmW6Vt,0.,1,505990
3BhuwHB94UFJCCpTxxisjM14sQKePKCCNh,0.,1,505990
3C9pYQxsw3FecbY5JszWAYFgEL4KGqXh9q,0.,1,505990
3CHeLwz1n29YBrBRoNPAKf4BvgWAitawf6,0.,1,505990
3CL8mLbLhAYZBM8BQXpXVT1b8uYyL9ngFR,0.,1,505990
3CeuvYN4ngHrZiPVTs9DfMm7pEpHoKz1b5,0.,1,505990
3CpRjTokHRNpDtqsyKikDaU17KxYUmnZjG,0.,1,505990
3CxbAf77GiwRWskxmXt5BrJ9sX74ExcsJR,0.,1,505990
3DRcKpBF4ePev8JsoE8rHjTSMUwpfp1R2Q,0.,1,505990
3DWPqdnSL3BQqa8evyvAC8vVSR7XoDE9j4,0.,1,505990
3E3A4yrsLCV4yK4d42bLF6nkNLxqrtftUG,0.,1,505990
3EE7gd7CYcb7PoYAPHPAsafY9Fff7HeDTF,0.,1,505990
3EdfT71xz7q1msAtsUcGSqYhNBJgccBmXe,0.,1,505990
3EqKUhLPFReeLBRdUauctfGcUiXBNhZGDv,0.,1,505990
3F2WVzxaSecbpch1JrpMHNdtqt3CHGNm5u,0.,1,505990
3FGuEZHL57uLP822enXZYrbRggL11TzRRw,0.,1,505990
3G4BkRejx78zSFcqmg9GqF1JWgYwnSQyW2,0.,1,505990
3G63yDWyy58B27gHD1PAJxJYfFfbbQCTyg,0.,1,505990
3GZNox7KEwycbwx4dUCH1ek5tBKw7M8kGM,0.,1,505990
3Gh6VHZ3hC8o7qxqtQA9u8MtQPnTgo9Vdj,0.,1,505990
3H3DFNkfFmdjpnTp7ouXLBxR9qfZnekkoh,0.,1,505990
3HK49r5CCwNEBNtisXaE8ENKuX8AuuLjoJ,0.,1,505990
3HKwiH8Zn2URh7vpPxBjt9w3cAM6az3XKe,0.,1,505990
3HULQ56wVt2cpzawHD83bXumayWDDXLUps,0.,1,505990
3HYkch3fU2i3oY9QbhrXWoBRgUcKxiJm4C,0.,1,505990
3HwwkrdiM5R66TBpzSpk3xELYBZfYaETRM,0.,1,505990
3JKLTARxLcqyD53oj9jV8NqF3Mx6rszPWU,0.,1,505990
3JWayzxCJopSneAAPNCuEg8UipJgd9ECNg,0.,1,505990
3JXQu4yoNgmmDZSFmyatgsfb18sQoKTWvx,0.,1,505990
3KXN4ob8nMxc1WMHwDkwGNHGCvvq414TNr,0.,1,505990
3L7LvZfM6z6PjnGsoQUcJTThLtQkuJnV4r,0.,1,505990
3LKm57TwXFZazQHzqLuAYYErPkrBaNZvgi,0.,1,505990
3LmxsppZUyrcJLNYrHKxSygYVRHBr2Cbac,0.,1,505990
3M57w7vYPu8cb8TgQRq9idZfMwtRjUxBPf,0.,1,505990
3MEh3gA4KozNQDSEFwDx4dU1oduhZxABdZ,0.,1,505990
3MdSxyuay6229HD19ZKDWhv17QfQHRJg5g,0.,1,505990
3MtaqYtizepDW54nc4DstUhvry1x5zc5Kh,0.,1,505990
3MzYsF5x9ow8yodEmrWVDQt8hwKkYThCuz,0.,1,505990
3N1yYDqwL2GLNGPJqumiehZ5hBo69GwVw8,0.,1,505990
3NsJgJWkL1zSPwkrMgjtC4ag6borJxDpNU,0.,1,505990
3PcNEf6jh4v3nAfcaQTkmPS1Bi92LSkzeq,0.,1,505990
3PwBKkuLPHhczfBrjPg2Cgg3eNgDqbRCz7,0.,1,505990
3QYFKXeuYCAdvfaGFVxHjWLuothYKXSAG5,0.,1,505990
3QikpkWbCBTAEFCZBwKGmZB31Msd77odui,0.,1,505990
322jgD3qusxHac5knpyvTNA1najBWAwmNz,0.,1,505989
32BqMwiZAFHfs1sYRfCNGKZ8NPsfpBrUWr,0.,1,505989
32gfUdy7ZCsGau74KLFzWMhjG88H7aJVd2,0.,1,505989
33aEvhJPdzGTir4jSjY8SgGhJBsDtaNY2D,0.,1,505989
34C35kDsrnfUox8brHXJt4sG6qUZzSf9uM,0.,1,505989
36xqAHfnTCrVz1kHv9ya1poS4HFXzfaPkd,0.,1,505989
37BqRLR1EFH3h5EJivXV5dqNWHmXxHByC1,0.,1,505989
37DTJ7squPDRrjXqieBkSpnm3SNN7Dchw1,0.,1,505989
37HXed3z64MwgvytWbx3PghFhJMjaCTaC8,0.,1,505989
37sZqjUmahwyimaZQyvaiC1CKKZ3pqT7vx,0.,1,505989
37xqRAamychvroVMTBLQ8xTfHzEUmM9Kv1,0.,1,505989
38yGqjoGrsQRJbd42Jmyvzvv3ajH8C2J2V,0.,1,505989
39NCkSX2MPrrYni75AVk5ktgN9meHYmucM,0.,1,505989
39Y3faRqbFPBE4UY9jWSfQEVSQqux7VxwX,0.,1,505989
39iRDfDPS4vKitxG4Pp8YnRSJPS9ALipiD,0.,1,505989
3A41Te6ZgP9iG9nZKZT4GyEBfcnwohL71G,0.,1,505989
3ADE6vELVp386BK8WqKVXZBNZRHTrGcF6M,0.,1,505989
3BLywGB1HDHZcNC3UnkkB2kpH4NrYyimLD,0.,1,505989
3BvdykM69i7DNAzgD3KRA47WLPBsuEZBRw,0.,1,505989
3C4G9LoAGoVXyXHVcb9Ju5yNqgpYNRZNkU,0.,1,505989
3CD9VtWvHfWCbXLoZvKyWZfoH6UWgAFQTQ,0.,1,505989
3CbiRFfE3H5rzphiyJDt2AScMVaupnSiX4,0.,1,505989
3EQ1LUuMjPSreiUn78sz35h8WQNGgq1EZe,0.,1,505989
3EakJrCcXgW74swWawmRYZR4SSHpKy9Gfd,0.,1,505989
3EccUkq2zUdgi7JbPzfT2wH5SHAZHgUs4f,0.,1,505989
3Erb3tbM1XjgRZFRQUZD5kmC7EFp99R3GH,0.,1,505989
3FQubTEN3SW1EctxvU31GFm8BQ9579wtgM,0.,1,505989
3FSSQimqJFPE5EqRprvhV7mmaEyBeKacgN,0.,1,505989
3FmaVyVoP8YkLto56xQkKrcGzEH4Q7J5ND,0.,1,505989
3GVvhz56oKqZn7JqFV3za5DFe1Mo7UPP65,0.,1,505989
3Ge2pahTFjbS2UVyMRBgjYCVmeUjR9LBAV,0.,1,505989
3HFnivMnxybzsxnUYsSmaxPHw7V2KHA9rF,0.,1,505989
3JuFHaXP5ds8iLajPtF9nGwbZY6XHybELy,0.,1,505989
3JzdZS9fwuXHLuTG6JZNxL3abCQroNRmUL,0.,1,505989
3K13vptiDme1T8mYeChspMBs1EFq9MnqMk,0.,1,505989
3K7LBk89VArNhxjo4CtDvEoBwqjxz9kGHf,0.,1,505989
3KEFq2eKvNLnySZRBpMCocC6QPMnRQfMVR,0.,1,505989
3KJ8frF7sCyMAufkvFZ1B6n5VcmLvE1tjT,0.,1,505989
3LJj8XcH5TdQPM3w2uDJ7Cb6okwzcWEwbm,0.,1,505989
3LKWXGkMwS2WwinGqkaqQUFL7EeC2BzkAD,0.,1,505989
3MVSUGZakG82N8s7fV7VatNc2LpeW3ffvs,0.,1,505989
3MgcAs283ki5quS2bsaMiFv6JzCBGDatjJ,0.,1,505989
3NMhDCwW3tHqjHxCX2pboY6e6TkPbDxKzZ,0.,1,505989
3NTasdJS5UZbBf6qdJUWbrkTFz5ZfnePa7,0.,1,505989
