3NipenFwZ7tS2eABU3y8WUPNoD9iDdsbVm,0.,1,458193
3E3tHUPL75gXy215AiRxse9MnTxHg85Ugz,0.,1,458190
32G6EJCyE1K4XutZ5cLrT5FsPZBf1cGP5V,0.,1,458188
36goKzw6PjJesumVXbPSNWtbScEQ2Y3sA4,0.,1,458188
3LX3fYU8T6PyzjQr2Q68SQ7CqBSQAoQ9uw,0.,1,458188
3JAkz84Sc2coMC8kifXKp8xMwoectZCdzu,0.,1,458186
3JaKxRDNP5myZKDniciRGxX5w32qrcLGCW,0.,1,458186
3NuRahazGR6WjwVoQPcozr4EGb2nLNo14b,0.,1,458186
327uf8HYttvtW6kYFxwtQ1cJmgm3DUvS1b,0.,1,458182
343wFDVnV3FZ2BffWNBBSTwnX5RUpnWAAN,0.,1,458182
3CqCdXF4iHziUS1of98iMRwDeooJxsqBeS,0.,1,458182
3QvVdxh2vd4a2EynBph3WqJkRBwWznVN5v,0.,1,458182
3391HsUjeB1ZBUQjg4DbVxpuBc4jtp8EgM,0.,1,458179
36RohJNUR1dn3yVeXD65wo2UMMP1YVpwtt,0.,1,458179
39my6SLxdiUJHmCudeJmEg1gAc3Ab8gx1V,0.,1,458179
3LrMgQqMwWTZa9CXPuDhNZHVcecSGRTQdp,0.,1,458179
3NGsBSTiUUnkd3tRNE9MyHVAsTuYwAA8Gx,0.,1,458179
37xk2n7MQNNnMTYAg83zy2uxbVvghbdAv7,0.,1,458177
38M49VoVnRvQseADSGFKtkDfgCfzjYoSZw,0.,1,458177
39uABswo2QU2QwD4jRyrJcF35uTXZJCwSd,0.,1,458177
3AaJn7effCcm4YrKGnGhjzfrQx3kY43Ha3,0.,1,458177
3EhQDyW7XgNRspwHB9fzBG4xuZLQEWAgRV,0.,1,458177
3MzWSEVm9g7goHiWVs6CuU8td6rjemTsVM,0.,1,458177
33JpoVdbrHqG6JFe1pfESwnD5s2JKQTtRN,0.,1,458176
34shqPNk8zs9P9ssNssiYkhqAdNQp9nVfi,0.,1,458176
3GPLM4HEX5ZL8pCt9zDpQ6mroJDQASsRTL,0.,1,458176
31jhfbNrkVUbmB3qLmoMKstzgkErskmhnR,0.,1,458170
38wp3dbewHRWvhSywHDQNHFaigiUV9Vw9o,0.,1,458170
3CFNjGShGqiKvXj9VPNAopbo3rT8Ev1jJv,0.,1,458170
3ETUkj38BkHh1r35nsiqDE8GqSbzrnJjZ2,0.,1,458170
3MjQ6pbak6Knv7iishH2JFJZKQCcYfNLha,0.,1,458169
39pwrwcJgyArWJqGqJgMBmwi1xy3od9LxR,0.,1,458167
3Ew6UfRDfgXcg7ak3TiQqh644rBwkB8kq3,0.,1,458166
3LFKzbAWYu9LVQmVKxTzq9UQu67F1HEG3Y,0.,1,458166
3NWq77pmXzJWEdACiJtTwLorz1nziAGVnP,0.,1,458163
32Cdr5fmi8VDM6GkHYzqroS4bZmVx3rDNh,0.,1,458161
34bUqHo2yPwEkXy2LoW1BSEWMcDwSiU3EA,0.,1,458161
36Bs9HVngfxpZwjqiNFfoo4oMx3NvnqCb7,0.,1,458161
3BsYMHKtswJds2kBShYLS8V2NbjjoEdXk8,0.,1,458161
3EeGJBZB9qmPuQ4nssPKXbokxwVw9iCDNQ,0.,1,458161
3G3uzPFYecRnRYWC6d1K1JM1ZuHXyrRB39,0.,1,458161
3MVMcPqWBm91SE1grSiKzV9v4bTwsdm8jx,0.,1,458161
34iBWH42cuFjibVq3KsJj39LKrmGWwBx29,0.,1,458160
3EEDZskz5hcxDoSaVuHhiZwcZYb4he6UUc,0.,1,458160
3FoJDvRhtsqBXJYGcBJxWgNk7qS1SCHnnA,0.,1,458160
3N8SLHt6yWwYkk8JLcVsf8F4xDiichuQh4,0.,1,458160
3PPFX8fNxGF7qZk5YboLc57dtZiYHPqHB1,0.,1,458160
32AMxD9DwNK15rvSY9iWSGydX4HH5RA2ZR,0.,1,458158
33Z1K89EUVzWLXMWKWe9arvy261gThGgxK,0.,1,458157
348U29bmqWeVg56FHk6vzJ3tWkd2ogR2Rp,0.,1,458157
378VcnZ4fgKXvViBiQyQFT3itD9CfGqSpp,0.,1,458157
38hiyyniMeib99YCjgKCkRSXZGfLaHPQGL,0.,1,458157
3B6V3t5XjQB1p1S5zvu7dqKA9oAkJu8x5k,0.,1,458157
3CbP9hY5Lcxo2fXDpeoPhvo9fex2YDgQBJ,0.,1,458157
3CfAjBFmWU8bFtJDfySkB9rvaiuNCdFmcW,0.,1,458157
3E6KXnTPQLSTjcxD2t6UnE1Y3N1hGgMZBR,0.,1,458157
3Gpj4AAQiK55AB3NqWm1HnciZHdMZCB2fr,0.,1,458157
3LLEDHJadvAjNDZ9gKFsNq84zeBWLHaHEG,0.,1,458157
34GqpaPv35THfrGcw7vWUoFrhvozWXcuYR,0.,1,458156
38aUo3PgqiAmqgnA5kciQUszYeKb2f3TKb,0.,1,458156
39eWMUFwwCcD5FYyrxcDNq2GHErfhCMM7k,0.,1,458156
3Cjz5QaX2M8by6T4uZqeq8NEet3fayP5AW,0.,1,458156
3Cv9TFNzGgiWRusX9UyK3qi7n59aS5XmCa,0.,1,458156
3CvzHSgxyNMiSVrxCzK3Aw6XBteM5waTWZ,0.,1,458156
3KGPNhLg66vNPeu3UVRdjLmKdaPrtjVUet,0.,1,458156
3LMTpxHb2WfaD5LsNPMQAM3bzUgegMinGi,0.,1,458156
32oWKdjGwRTru233ZeKZdgZq9DFH7Bt6Xp,0.,1,458155
38hzzbJBYsiWrLAWj1GeN14AkpQnh9E1Tc,0.,1,458155
3ACNaBnuzep2opM2qaCVQEUgNSZDjH7HYw,0.,1,458155
3D98jR3tiutt84ygcPK1PafEgRJXWJZKZ5,0.,1,458155
3DeybQ8ycCph36ZQwCpceqaLyaxVhxF8SL,0.,1,458155
3QwXm9BMEH5gvS6e55hmWEY8XFyiWdGKp7,0.,1,458155
38p3FzZ9QboazTvzARnGwi2GckqMTGc8qT,0.,1,458154
31yg3uKQGXGxHir8bKVwjNSht1kjmDBVKF,0.,1,458149
3KRroXr5yLv48zybPELftbvm2pvixxiuyk,0.,1,458148
37KCjpFuTix9YuNGYza77CPyzxJudDLiuK,0.,1,458147
37s3JMnC7RAbtNfcu9WLjozk2J3UV9VLTn,0.,1,458147
3C1ERheuhX8dKYstEEp1EqPj9pDBvmM2Bn,0.,1,458147
3Ch2wHdgGycGT81TjeHHymTLoomAbchqh1,0.,1,458147
3FetHHqRR3msQZrGxis5pgUJxjuLQXegUy,0.,1,458147
3HGjZ8ARxyGvVk599Ds1VLHSt1Ta5zBJ2j,0.,1,458147
3Lvao2Lwv5ntx1YSpApL1yHUmxMxehnmsq,0.,1,458147
3MS91KRqJRXHqmkJGAACb5w2BABKbbLZRt,0.,1,458147
3P6gEzkJrcCge6UL663YT5qxEcC5WdQTWw,0.,1,458147
3PafB1fRE68DCAcaYcW7daz8KJ8aHowUEm,0.,1,458147
3QDeh1HC9Y4FMeFBgoz5jPp2pqLz8YRodp,0.,1,458147
3QHARRnnBB7rkCxFiV9u7p4e34cn8B8PYS,0.,1,458147
3QJtcEiZ6sqyU6xsssENfmvm5gVEMzTPvV,0.,1,458147
3QXqsJGnek43267cvrgGVK29BHRAAWjHb9,0.,1,458146
39cqmvsWoUn1gywMBv1FWMG74hat6FVJSy,0.,1,458140
3CFGCfvmCZSjmQ4aKB6ZGyw2tZh7K74Abn,0.,1,458140
3EGAQcn1W4Tt8UFB3FP14JvprRZZR6dC3b,0.,1,458140
3GS7m3TCQe5HrPZ9MQzEXe9JzUDoxmnZPc,0.,1,458140
3Gp9UuGPcp7djQYCTS1w46aLVA2kgNj7aY,0.,1,458140
3PYK3Zq9Vja5VVUnUkVpnr8iyhGS7W5NxH,0.,1,458140
3JCiiWuyfm4PkzoFkx4RMkSQ1oYrtJur7a,0.,1,458136
3JWHZXmwzCjbqdAoHeWNNphB9DV6oPtU2k,0.,1,458136
38Len5VPuzEQzrQEAqKVMy5GWpkFCQwGEE,0.,1,458133
3DtGLD3yPyrJbCaXLm7QbaU5ykGMoZkELX,0.,1,458133
3GxjucdiGzgfw6cZewjbtbPFBEw8KPfviz,0.,1,458133
