1xs8GnjV57fNJwkyWLuYMobZLh1dXXkpd,0.,1,417899
129547z2W8ACxMLqF3CAaog1xexxuZFG8i,0.,1,417897
13R2P88U6eVmbZUxgSDQZ19fwvfvxp6MGY,0.,1,417897
14a6fHwFGqm2voaubLLgp3uJ3zEtGE5uvo,0.,1,417897
16cmWTekcxsxfjZsxhPQq3HLcaC39LBTYb,0.,1,417897
17B3CXDRA7j551NiZxJ9V5pt2vLGjixHTq,0.,1,417897
18ZqC1GzVatK4st4jXtAs3HbUtNgPRL3gb,0.,1,417897
18xQc8KuXDpSZnJ7fUJLpLwVu4iBGwWinQ,0.,1,417897
19VxWoMCjLBukGLzQoFNTK8X9h68kUV9eh,0.,1,417897
1BKcY3mUNTcVVnfbVpogPHv1KEtPqu2ivu,0.,1,417897
1CQXfjr7i5HWBp2z5yJUnWDEzRoQyBWA43,0.,1,417897
1CSW43A2wUFd5R9NUUyDJvxdqsMbdubS9V,0.,1,417897
1Cn5Wms4sWA4Tb7Z4579xbjk8iP2g6rzkx,0.,1,417897
1ERtu22z61rwnrfirud4Jz835sAuD3i8gr,0.,1,417897
1EvZZNNkrSQTm55qDWghjD4q5TPuAwY1jF,0.,1,417897
1Gxvjq2gi9DkuemxN8GRZ8ey7W6gmaBytB,0.,1,417897
1HCrQTHp1xr3XAs5LDuRLSJz4e95cPdAHM,0.,1,417897
1JhdgUBLgUmwhnqEBNrsLEaW59EfT19eN7,0.,1,417897
1MBvT7SufvoQy1bQtGqBguYiAms4BmXhey,0.,1,417897
1NUF4W7RAfHEJ44naWg4EzyV5bHBhaZX5u,0.,1,417897
122eRxaHcrLJ6GUvKBpWPuBSDyPHK9qreC,0.,1,417895
12Bs5XiqgS3zr52KUX99PeAZv7fgdnFGGV,0.,1,417895
19HpMB4LisQPLFV8xqm7NrhZjEeyWaws9Z,0.,1,417895
19pqPRuNQVdDGw5c23UoFy65F9Qv1RU2zA,0.,1,417895
1BFWvmoxkZ3QQ54RQoR9Q2DxfjCtjezGfV,0.,1,417895
1KpqgikT49qbK4c47t9aiWiwuSKv8MSjd7,0.,1,417895
1L5GStsL4ZzaGLm19YsSTGg5gje7XENXAr,0.,1,417895
1LjSXNgwndi7uThQoQtGANSUhUxBZHSPrZ,0.,1,417895
1N2y3Dd36GQUvU9jC2jJP17qPzYChzazwp,0.,1,417895
1NrMpZn4eyTysYLrhXqXqTWjE7rTCyb7qP,0.,1,417895
1vEyxFXEbTKyTiKLjSigRzpAQXHS3H5og,0.,1,417895
18A1NfkCBHdfNpoJQbhfsAHxMwX22CJ2jt,0.,1,417892
19eLEGhnY4nw5g3jSVC7w7EKnKaGFgJZrm,0.,1,417892
1EAFRc7nrQQNVygjCpSREoLnCujJwEwPWJ,0.,1,417892
1J5HHGN3qGUnwoeXuYaX2bQxDRoajNfGuf,0.,1,417892
1JfnZrq9ZHqCHLxgNHD3fcLtWUCzGXiF9j,0.,1,417892
1Kqnmhtd5y6x4cP2cvCwQCXdRNXngEMaAU,0.,1,417892
1N6Qb4X2cZZA9B6WNgkh87ByQZP9rUKQdx,0.,1,417892
1PbS6KaeFXvQq19UotkPZwtsXzPXCWm5cq,0.,1,417892
1QE71WNKwHyazz1JgxxGEQ9FWe4h3KdNUA,0.,1,417892
144HFAkxozmFczMGLt6xkxa1QyKWxU39sY,0.,1,417890
18ydp3RRbMXPzFWwRvQL5e15AhkcxU5Kpp,0.,1,417890
19TMZzFcxVbxHh1sRKUgVmrmPucgZMB9Au,0.,1,417890
1CySeskkQPmF5LNv4fvYdKQaB2fDgev5qS,0.,1,417890
1DJ6bcNvBG7j6gyJvKoUFhy6S97BvHdNKN,0.,1,417890
1DfdZqdVEjZ4Epg5QAHib2hiebSqugguug,0.,1,417890
1DoSo2aRb5BiW3pLKBaYVagZJ3R7UCQqVK,0.,1,417890
1DvEjA4wHvbcjgiaLXQeatUGUacC8GkUgM,0.,1,417890
1GJmk27KZWm7PqLZd7z5tyvd8NezaGEVDw,0.,1,417890
1J8cfT4NKzrGcVcjGPjNvLM8uePmKfLXMv,0.,1,417890
1JJx9QxbYsafPhksCT5XM9HP7hV9H5kwMR,0.,1,417890
1L9FBaSJQdstP3JpfCFtDMBExcFkdyV1Mb,0.,1,417890
1LG8ywEB81iRYJJ2Sab54PkDiEg5hs7RpQ,0.,1,417890
1LhuJAdui3LFdzheiHQSeSwUioQpChMMAa,0.,1,417890
1M7yQvCqKVqq37Ni5aG4ppZxmXgvBYmzHo,0.,1,417890
1MmKHS4W39KHQ6pwMDuGvbF4K5vsm8MbMo,0.,1,417890
1NwUqNzu79hBMNpCZsCX1dhagxToi2mpmn,0.,1,417890
1PowU6AcoPEk2nPt5AdW5P2ACVnTFV2Tnk,0.,1,417890
1Vecx65r3eQL9EqKRWjeEjp1JeMDSgb7G,0.,1,417890
14q28gNwQX6YKh6JcFDWC47VfXgJjNb4ey,0.,1,417889
14xb8WecViHQwAJWVDfBauronXv5pa4oa1,0.,1,417889
153XUpyvN7TuCfoHtbuM2NhMuCDizBuyFv,0.,1,417889
17ir822G3aFveJssWdb9ABKZT9XfG6ZsAc,0.,1,417889
18yJN9vdEfsFXrPvC9UwUFijd7yzepjNW1,0.,1,417889
191d4kpNqbDtUfr3JYTmMcYFVjQk3mAisL,0.,1,417889
19rLzmSpjTgFcY3fX82p8Z2KpU5UJsgqzY,0.,1,417889
19xu1qbtLm74f89PjK1wm45Naa9YAk1RjU,0.,1,417889
1CX7bHnaaRgSNeTW2wy5e7z9LHWUt47LwD,0.,1,417889
1ChVwghVJH45P5SPm7YFEGLcEx7iodP5kr,0.,1,417889
1CoPXyxCzh4Ph3BjyHbKjPAdLtU3d9gLa7,0.,1,417889
1EDc5h8jJmoP58zwN1TKw4ABTg8mpcrArx,0.,1,417889
1FhL9zquNPQ9X7kjBtuLUqTTF4eRqe6LK9,0.,1,417889
1GiWDL5PnYAtHKFXTeASKpjjt8M6PbknkA,0.,1,417889
1H173tFYwCGrGvzsLtP4R6MdGcWWsktRUa,0.,1,417889
1H6Ggk3Rxcbx9iHhuwQer7Eh1pCzSGGKei,0.,1,417889
1HupidXYzDRKkC72srZRvG4BWNEFnjRuFT,0.,1,417889
1J4GNW4h5AKTRp6eZr6UGzscboZ2Fieazu,0.,1,417889
1JYGk2dhFfaLGooCMC6aYcctVTZhaHqGn2,0.,1,417889
1Koc92cwn3FSByMrMvbvDQMpr8wGvEmmmh,0.,1,417889
1LFPnsRGKT1PWAkFvBb7Soa1DsdLwHMoLy,0.,1,417889
1LXcYxw57i4QogDHNZJjVZnVGwncdx5ib2,0.,1,417889
1LooFSGhrwumSKcwoYGyMH1Km7vForu57p,0.,1,417889
1MrG9dpGb6miMQag7rUqkHbQ5kmJXJHCXN,0.,1,417889
1A8DmHGbmGYiideNdn2btwp84vRZKPRRCs,0.,1,417887
18VfRfUDv23sGqtpypaz6Su9s1zfNf7aWD,0.,1,417886
19QaVjkZzsh5o6irFrQTCn99Y5Nv7toXLv,0.,1,417886
1Ab2CSd5rbmwAEm92WNU5nKnmdB8vwcts6,0.,1,417886
1DFNN54fuVWGqZtN1iwEHJXy8CCP5QTXvA,0.,1,417886
1GyXFkTsJMJwkq4pK8vwLccKjePSx5Aryp,0.,1,417886
1H4FSVpP7VbGuUiPjdRjnb5gPeEEYWezV4,0.,1,417886
1H63vD5aAx7NgZSh811xnoQMcx7JR238eJ,0.,1,417886
1HvK1fW2hSLsnEtvhYw8LmTduAjaC8mhJv,0.,1,417886
1JkqhbCGWA7TQPZM5WTvJ7ajSPTCnXgr5Q,0.,1,417886
1KeE72DLhh5Z1NcNHnquSCUXqq4JiVtbkC,0.,1,417886
1KwC4en1S87ufchbsFR1BxdHaRaeG8vgA8,0.,1,417886
1L3dgSrJM3jJYadyMP9CcZmQJSycZWAZ17,0.,1,417886
1LCreTboeLSFS2yrtnUkmfUtaQyiz3r9wb,0.,1,417886
1LaTSdZuz39L7aU9RS39oYVdRmUDNev9FD,0.,1,417886
1NvwqK9xGUuLcDzniCNbdrDNFTuxiFPWZ1,0.,1,417886
1PuyuxALDqKdBJCuEz5rNHDgu4XU4HwsHN,0.,1,417886
