13Rhmf8TRAyuBn9JSpn3SLXtNjaQD3Hc7G,0.,1,411422
14A5LfNwtqsZhPWFgHNj6GYwxiT65EWTna,0.,1,411422
14YhxjvL83VLBZ6SWauvu4FJLKX8ZwamGq,0.,1,411422
15DCkpLS3oXFL13i6MA5QpZr6r6dDBV6Sk,0.,1,411422
17nQXjnWebgDMduZdCS3bZQoGEdaX65etH,0.,1,411422
1CwYZadkxafLZbH71BtrGpkGKg4RsEugqE,0.,1,411422
1Eepzax2Gyszs1nqPyUUvY6FBoxD7jQzYE,0.,1,411422
1FA9veGfVuSy9dLMczTEfrbzpmyXy2oJqa,0.,1,411422
1LsfV1kGU5hq2rvUThwRkcnFD2NVTTCK9X,0.,1,411422
1PwUR2N8mvYid6HQtDb56ijuB3xken9bsm,0.,1,411422
15qbuCgTE93JRVbYafhBPW2BvzwFPNGvU7,0.,1,411421
16Jy8sS65P85xiEnYP4Ls7JLfnzbT62u9s,0.,1,411421
16LTp3KF2ff1VnMc9CetA3TPSEYL8HBtXu,0.,1,411421
16gSNYmq3SEvuZapuskoze4FAjDHM6Jjr1,0.,1,411421
1AGV8AQcH5sqmyE84yQeQinQ8ieXYNmbsP,0.,1,411421
1BjjiQM3zZmeR5MsV2yCg6XQVGB3Z2wmm3,0.,1,411421
1GJ1h7F4MH3gzbhxpB165HKkgqfduh93N5,0.,1,411421
1HmViZKpZ7aLkPSZUzE17baH1KPoykTcfq,0.,1,411421
1LdUuYxyQPYzmWqDw9UyH5At1Qa3yutEYD,0.,1,411421
1N7deb6zXnMqLPJX4xR4Z2jHnDH5KWJbQd,0.,1,411421
12DeWzmcwRfEDADAE91jsXccfebBAdyzYW,0.,1,411420
19KB6rEuMHtBxiCgkJVGpKLTuAeEWXKmDD,0.,1,411420
1CXcBSepjG1Wqft3pbiUsyMNMMYWoAaEn5,0.,1,411420
1DbnnmDdoKeZq5JqhraS6SXNV2kbewzVGG,0.,1,411420
1J4gkYK9BRmxJSSxNhRioDD46Y9mfC1daZ,0.,1,411420
1JPRenyRr419iyi2mWxUu6GBUo9zNwH562,0.,1,411420
1JTvoQHvc7kfZDq7g5GNj4ippucYnjbaKD,0.,1,411420
1LSmYwPShrnYEEEASvZRmUdndtdAuju3xj,0.,1,411420
1LfejC7ybkaaj173nPbKnmbzRWfMJs7v3F,0.,1,411420
1PFq7WkgDxqd3v9MrSQMUDhWS6ogm7ze77,0.,1,411420
13jC4X2YwmjP4w9BUvkXm6xXFuhErKpTu4,0.,1,411419
1ABVinHSR9EqafAAMS2ehzSDoxWPhBhU4M,0.,1,411419
1FCjfU5R3rsUTqc8ipmB42RrJxAuo8e5rk,0.,1,411419
1FwYR52ZkM8hAp2PbZw4rHs4i4LYdnpdib,0.,1,411419
1GAjYDthVQUmAFsLi59xkwqBFRbVxFDv79,0.,1,411419
1MXdBrdGDT2VvBricjX5bH5aXgwTt9e2pd,0.,1,411419
1N4YGmdujp5ATTEgtsKpPciq3QZVAHtfgM,0.,1,411419
1NSjPzVaENT7Y7YF5Efs8KE1T8dQAMQ49G,0.,1,411419
12qPXq65r42dZ4vYBw5haLdF67MVR34sjz,0.,1,411418
13yXUbD9wLbDHbK1Au5bfw2h24JznhXWP8,0.,1,411418
15XwpcFbjydw9REX4Rs3TnUoMVtdxnzuWH,0.,1,411418
16w4dKFm5h2MxLQvqaTYpztWkXRNCoNnR9,0.,1,411418
17MdfTiarq8CS6RHAycT4NUg3NaamS8Tvo,0.,1,411418
18jSxXyxSTafCiWko4VBqvAJbVgkJuq1Ei,0.,1,411418
1A6BA9ohhNZZBVD72VwB5de34mX2EtTi3t,0.,1,411418
1AsGKqeUt1AaHhU761iJfD86V1DqixciSz,0.,1,411418
1AsJpGpYyHUPn63b3hNnUdTDQKzsRa3K4s,0.,1,411418
1CjxLNboWDFGBqbtTt1b9A8h5oizcUecnk,0.,1,411418
1DpGkgkiZ1JsE4NFzUoZxRANoSfEoHjixM,0.,1,411418
1FKZJaf7D6Lt818esQo7u76RBS1abXNGEV,0.,1,411418
1H8jQ7dGtfAmUnDvsUhPunNE5kBxXaYfTT,0.,1,411418
1JHecYyPeUEz15qTRh1GponpftvDnLD6GB,0.,1,411418
1JXMe1FcNkun8b9KtkZgBuufLFKh9Rj3ay,0.,1,411418
1KhUyTCaksAQgELJ315EXd6qKkjeRwwcDL,0.,1,411418
1KmJDKSE1YSCqf1gFz6TNfBXW6RCi7UZjH,0.,1,411418
1LZgW3QSCN8Qi9zDMcM6TUn9TBv7Ngb4Qn,0.,1,411418
1PcV2mQvPL3kix9PdtqfXQ3XxnZH6zihuA,0.,1,411418
17Dph7mReJP57tDwBb9bR4tFyULyLqgsMZ,0.,1,411417
1LWzJUJVhPCUphYC4MrazTE69XSyEDbmm8,0.,1,411417
17KMntaFjjLwS1JfZyrWVetF4TLTE4jg9B,0.,1,411416
18QUc1p3EaGppmpeQsfmAFyWkn8zzdFoNE,0.,1,411416
19FJagth7KtPZRXJF4WxJp1EqBTthzoyUV,0.,1,411416
19tkYBEvWntBxf8o15BwA8x5KYeeWGcTyd,0.,1,411416
1Btra2iUAjHh9i73qqkwjnQGxb488MW1N9,0.,1,411416
1DDQMp4i3yCec6UzdbXEzfRLkdoJ2BiYYj,0.,1,411416
1Du5USw1kNCd9o2iRDcCcuE3JbSvq7BEHN,0.,1,411416
1F12VikgcQ851LZjC3U3Fvsa93gJL9Rwm7,0.,1,411416
1FNTdo8WFKtXgErw4oG1z5nnjd9y1hMgfg,0.,1,411416
1GXg1ZmAevFPzweX2Waem9un8rwdoK71ts,0.,1,411416
1HDGLCuzsRxtDrTHZFHydGcreffETi3Hq1,0.,1,411416
1MceUF6RZanraDyoZ6Kau6Y49Ekr3MKdtw,0.,1,411416
1NMvVkz4HeB4Z78Ekc4K77bgKaphJVZeNK,0.,1,411416
1ercxucCrMMqWaCAFoJbVPp67ogip2Vuc,0.,1,411416
13StH4Mydht71fc5JapvABdHuse8vDRrPK,0.,1,411415
166g6M77uNz162T6zg6EWwM9kYeRzNbjUC,0.,1,411415
16t1xieHpxv8PfCuxrKPmkpSxDs7h6fYYN,0.,1,411415
17RHTCicjAfzPAQJnKpsy7yLqTDXwsS9gr,0.,1,411415
1CPmEJbg5Pb9oXYhFCfkaiD1cuC4vdSEaw,0.,1,411415
1F3FCgQfgP9rr5RqnVDAhiXJaWYoHqRDAT,0.,1,411415
1GKGNzFA41NNH3KrMbpS4ZYmA9K1wicLBw,0.,1,411415
1GcKT7zDAyJU9Y5vkfoezey6q5t7k6Y7VL,0.,1,411415
1Gf8FppGAWZX8TscrhNYX4vNNr1ZxZEuHj,0.,1,411415
1HSa4FG9i52sGjJ8Zzm4yBMjKfizpLsMYT,0.,1,411415
1HmgZjUhf1zqZr1XVndZZF1wyHoZ2bMZxN,0.,1,411415
1JC1N8BrWQTaDrhJ57oh1zPhkkeWnsBKmR,0.,1,411415
1JvRkBiqdJN9H3P11LHY676srw7YWYo5T2,0.,1,411415
1LWGenAyQ7YBGvKE5VgkTZK5LQrPUpCuoh,0.,1,411415
1QEydLteaE76pMaoHh7BH88rSak93hcpFf,0.,1,411415
12BMTCqb2px1ZgKkty4AeURfV5W7VTATDy,0.,1,411414
14fiZLfJkNzMDqDYMniaXaFr7xpydzfLMv,0.,1,411414
19g6syZeFiBsuJMLT52tYPDHModi6P3WCA,0.,1,411414
1BYewXzQbSVttv5yfz2aF39Uf1kA6G9cCL,0.,1,411414
1CWzKtJrgswkPRYvTDBEMFu2EbPixjQUKE,0.,1,411414
1Dtbtk39Cb7cHDqoNXg2GacVrL8qjon5wj,0.,1,411414
1DyaGeyzM6fm2hKJ1UKgW7JH7PEkfCuMpd,0.,1,411414
1EVW4Be8i1LbhF2tyoR2en7mPn9raUPrjh,0.,1,411414
1HKjHUA7KBh1hmfM4hEUmtYRzb2sdRfXQD,0.,1,411414
1JG9o5D5N26qbsKPfvgcBiCP2TrstgQm1b,0.,1,411414
1MbXhaUECUmPXspiVpxRkn51RQGnrr2kcT,0.,1,411414
12a6EkAZsvZ9HKeqkeKxGbx4vTrZitnuVu,0.,1,411412
