1JtQfx6xtCrWBJEbPjUEpC4Fhw6EqGENeH,0.,1,291270
1PSb7scWPgjp5kWXyCu4kdYaAQz57Y4XaP,0.,1,291270
18MvddJtdraUZi1FdwftyKCesnCiB6KBWh,0.,1,291269
17KwFTcxFx6RxJjKPyPFgh7VWBVKrNjp4t,0.,1,291268
15cUNnTKMHTPHRcouZDuzELjCjR1bxERGN,0.,1,291267
1BhznYF165Fp1TS9pLQTksW5vhxqatY1Yk,0.,1,291267
1GcVibk6TvG9xniiYro1o6rSugFe3aYPhr,0.,1,291267
1LwZB8XNP3fNgTkybC66Y3aH5gBvFBQZfZ,0.,1,291267
1N8vef7VWkZShgcBcu1Kuae2MgWfgJ2Y5,0.,1,291267
1NXM6XVfSbUeBxGaiahBseWJzr7aNiXBfc,0.,1,291267
1PfNG8WRbruYataXjoPNHb3yM3W6C4pebd,0.,1,291266
17bFSNJNb9zp7Q4sYrBYpgadU7U6W26Lcb,0.,1,291264
17y9QwverrKH5Lbs9TCpm7GyvAra62rdpH,0.,1,291264
1JMX8Hw5jQhiGYd6q1pTi1vs247q5uxi55,0.,1,291264
12sUUyNhMLHLrPrAEdgG2HwuJDEuLwB7Pg,0.,1,291263
17YDRzWZJ7Va1ZzkeKLKCpEiuPQXant8oC,0.,1,291263
16CKv8d8inHRCmiWS3NefkDPvMiwHLy4AS,0.,1,291262
1KSwpRrndG9fb4ghDDKbHRE6nLp88av7DA,0.,1,291262
149Dk3An56vdXUQjCPKHp4MGWovP5WnTy3,0.,1,291261
15PvUpxmcJF21SLgShFxj7pKER1uUehCgY,0.,1,291261
177VEQsqJFYPHuyBExxNXWmihht1uFon3S,0.,1,291261
1PJWzCuxcUGoyoo2Guki2yTX9PrpYLhZAQ,0.,1,291260
13PQsVSYo2txutPUJbo47UrvfhiR15vtHs,0.,1,291259
17jfKbEYmGg8AsDbx7bnNyRXuGhzG7C3aC,0.,1,291259
1L4etVMnV4wKsMuAQBpsbvvYG3qdNKCDx5,0.,1,291259
1PNytaDBoEjbiGkZaFS436psp8XmE1khXp,0.,1,291259
17vBFJcLD8APvtVcjALANPGMn6HMQ3k3jv,0.,1,291258
1AKLvUpe9YZg4bTcM2dgJeJJ86qzSffrWf,0.,1,291258
16CuUqrWtZX336gAgpPs8AZqZQQdoEYbGW,0.,1,291257
17iGoWXoWaJM6mY5HprP7sUQyHLG47Q4CA,0.,1,291257
13gKeJqitFzLEWwvVH6AEYNDkTWoBFkCMs,0.,1,291255
1AcUVDmfp5rVEuQZmEAvJBgMH6Vufzk6eJ,0.,1,291255
1LiqubxZPQSxRHMBb6PHcEijAKCzsGnGFL,0.,1,291255
1PvocFrGCCRP5y9GiM1BB3N46AtCgiNmRu,0.,1,291255
1LDHwXvTM4TT4WSdGTuGDt3ocG4Zv6xjGW,0.,1,291254
13c3MTRMy2vdpNTTDE7MR69iPcQpvLm7tV,0.,1,291253
14Ttn9zMK5zfuXU9fky6EcbWDGdH2WphH1,0.,1,291253
14tTANmdwSaZkQ5xA2f9VCqkhapDpcqofb,0.,1,291253
15pDYfjxpAi6Gbpf4NmkzQLp715JTm27bc,0.,1,291253
16J6iPX2DMi2QMt9TjKes5WvfcD657YEPf,0.,1,291253
16XcAwvWwJ76ufbuTGWxY3F8hzWH36WLYo,0.,1,291253
1Dccku2beYwrwHY5qtWxJFz7NT5zZKuxfg,0.,1,291253
1KavJ6x9QVM9YQcYQRi6XEpozn3rwLAXYF,0.,1,291253
1LFFuSeSrFfacrTC8wPEAYtmhdqxVTvPUA,0.,1,291253
1NXfoXKTWS7dezj79zJfK8oXBM7zAtpuno,0.,1,291253
1azzMGiqxbgUjYo5HrzGwGWUtWrKfW2KE,0.,1,291250
15zBuncsxB7jbfpiCHZP7uBnTb3qJQ6UmR,0.,1,291248
18WYy5RpDNhyBe7mG5EKFjGnNNZAKwJuAc,0.,1,291248
1FWAMSMprPe4ZMDW4cVQ5cdFHP4Y8btpgP,0.,1,291248
1JUxYeRn9QYJhWun2QG8pYzVurZkvViVUY,0.,1,291248
1KVekm1F4rLttYn68ULmiozGaCrERxi7Cm,0.,1,291248
1LVE2ou7bKe2S44fqg2mx2ENtSAkjkJQKR,0.,1,291248
1Ly8dMjrJkJDP1JGWWWszzxHaXyrmqdB6F,0.,1,291248
1PZsqYMY9Sw782jDRScDwjrKvBQ2tZcCyX,0.,1,291248
1zoF7EfWRAe8GMYeAQJdgCLrXSfMSaHKY,0.,1,291248
15iFaqHmPXsUKQkNjpgCfgaBzLE5nMgWrh,0.,1,291247
17WeBCHBJw6SgTLrauom1jk7dz8AApJDWb,0.,1,291247
18PPFBxTx58YgMUkQ1z9bfN2jEi1KRevmg,0.,1,291247
1DMFs6riUsmNE5b5oSDJNFzocbkaDUU6uh,0.,1,291247
1FzeUV5Q98uJ5PCVf3wfmRP3cHusUhH1kA,0.,1,291247
1K8jnEGriodsUamrLT1QeCzttMtoDN88nY,0.,1,291247
161mRLZNGttmo3LMje5whYQThso3KEp8pS,0.,1,291246
191Rq94sVMoCzi81bu5fzrrTaHupkN4J1Q,0.,1,291246
192Pa3uvhQy45SK3nddzAiYhSoKPcFjFRu,0.,1,291246
1ALscFvCc8ay7JELZUs87mcLBvZv4TEuYb,0.,1,291246
1ASngwjwEgDC4mw42JALtHiXgwEV6PCFGt,0.,1,291246
1FcRg3pNereQaCRXrJQQfHBBsYt1KxUXXS,0.,1,291246
1GpW9xsQbh5yyHZbSbd5b4YVcw9dBhPbZJ,0.,1,291246
1HGnp9bbgmkEwckv79EwMjtpsbgqstpfDh,0.,1,291246
1JKCpYyqMWFAp5ZdiQDcvP8P4jNaHC6aj2,0.,1,291246
1Ja1hnpikggGwoQtK17AFci77uEoTrugV,0.,1,291246
1JtjoeD9WhXNmwbKUmdvNKUPJS7c57cgvr,0.,1,291246
1K965qHoBNtasKChpydamXbupZzuLdpZpT,0.,1,291246
1L34FMnfy8Asqor6Yw3CW2StJHFfF5Yo9n,0.,1,291246
12eQG26YWDSX3pa3t8sLF5KwfTuk3WLbX6,0.,1,291245
13Xsmo78BPwzYn1gGNhdXfrRzT4Gx1EKrr,0.,1,291245
1C3nJ3QGH4KCY1mvwDMxiXqLRd3XJbPVy3,0.,1,291245
1JVBkx6TUZgKMZrF91ji65aJTVFJKF7tdS,0.,1,291245
1284NeMFBMfB8ev5RpkYVdfrNwbRZRaXpw,0.,1,291244
14XfiqfvrxoCwuWBdcA6fZnskTxEby6cez,0.,1,291244
16X1MDJayACULLiP8V44dgX7r1Pc4HcivZ,0.,1,291244
1BCgxakxzAmp3dQdYw6mM8wEWzAgxM9xT3,0.,1,291244
1C5qNT8YiRRKqtS3FhHBkJiyxWkucjiqtb,0.,1,291244
1LKPc2g6ciawajCXW72f3aMEXagNqVCSD8,0.,1,291244
1LNW9XSNr8EeDjbnhZdbyg1qH5qYBGaqG7,0.,1,291244
1N9zZPwnXFok1Y2wS2BNvYGxEMvqSLHCzi,0.,1,291244
13sAdMHWSVXfSXPDfPYfxJTB8dSkivTT9D,0.,1,291243
18vSPiCZwcmTinq6CGou1cqcM2ypuv4wgW,0.,1,291243
19XFQW1txULo8VPaGK1X9mFQXjNjMwmBd8,0.,1,291243
1AaNXxAFMRoFmLVuGtddrcJ9APmAoTLwVX,0.,1,291243
1C2iRv3NFJSd9qvjRXqSSDqVEzZbotfRLS,0.,1,291243
1EqnLND5KbCEaSGjYRPgJkjFz4PsvNzsdA,0.,1,291243
1G64tES5NFbNXCK5GizBPeLvLvNDLycv7t,0.,1,291243
1Ggcn3vm8Q9Nbh6yjej5sgMzw3aPRp1wqA,0.,1,291243
1HuqZrE6bnpWxXmZCbhQqcz22Lguit5mQB,0.,1,291243
1KZ4P4XoyEnWKuqGGuFvx99W5m7K3xZurP,0.,1,291243
1KzGUkgVWJ6miVkKAYRSAZvgUWCMbgceCb,0.,1,291243
1NrfCUf2D6g3ZV6KR7MpMB9ESHrVpcESBK,0.,1,291243
1bmBRu5edKD2uTYqua5AuvbnoW7515mR8,0.,1,291243
12ZB2TdGbVikvvkwnziqBYPnpLg83npi8c,0.,1,291242
