1G6T6LLMAwUjYUN9skTf6zEofVTpLyiSq9,0.,1,306410
1Mkcu4r6Y3J1dy2kaKeF1qGocof5A8Q2jy,0.,1,306410
1QCtrzBiEYYnKdSoQMZLWd7x7w4UFf2AsY,0.,1,306410
1QDzTewN91Q7dQuAnw8riQ99LBcHDjNYM2,0.,1,306410
12Hr6NUinGfgKsL2fL1jh9GKRafFXuzq6p,0.,1,306408
12SK8Gf9ZNHpprPEueoZstpkYaboq3UE6C,0.,1,306408
1KAJ7yDCsFrkt9oGhFeQMhwBj5crroy9EW,0.,1,306408
12ehBpgNxpGg3bHDZ8rJM6gz5P3i91LgMQ,0.,1,306407
172Yi5VZ1GQfdCkrtmJTj4TYpjYUCcX9iV,0.,1,306407
1AdKbWKc8anKsiEvxXNdN971uDBcEPTJnj,0.,1,306407
1LziDiAJGDTVtZitApAB6BhF5FeXTsQUxW,0.,1,306405
1MeKdwc2mde2bcN2o7AGaRoF23uBE1ccHV,0.,1,306405
12xmqEG1yqPXyW78tGH8K6YWdVBrSw2U9q,0.,1,306404
13bUzcDPsPnUoet4RMbXAmtwajS2znyyr5,0.,1,306404
1DXVeP8dvRzXyoC6EnPJAe8iNP5jvYGgYf,0.,1,306404
1DcKsUdK6PN1MTxyUKK8bHyt2iRpwJ37Y9,0.,1,306399
1P9UJNWvNaYoTsteq5MoeauUTPV8z6tp42,0.,1,306397
13KKahpnY3x4nexcNEdfdd72xnEZzoS7VE,0.,1,306394
14PEc8N5eAxkjCeaSJt1mBKhBukvhis5Z1,0.,1,306394
16gUNipehxjcKaNjTXV7DzJdmDHifTjUEB,0.,1,306394
1AR6QDtSdLXXrzgbPbsYbuLVFDPmep4xJ3,0.,1,306394
1CpTxxHe7ZGUzdzjoySCqtV4SdoodBmpeW,0.,1,306394
1JeJ8iVhYhoxTYZDipjxidJySkBzuWsCVv,0.,1,306394
1LfVr4es9TC7cprmH4smgJ48XVBKLURfbS,0.,1,306394
1NpWG5anyZVBG48LBskCSEQiD6Ci8jufqD,0.,1,306394
12nGNpsoWr3FSzbtKdbEa4K6kewDiT5tsp,0.,1,306393
18YTKciiH7ngD38We4czj2PUtc1KNabRa7,0.,1,306393
1DAKRZf659zMFCb94NGYFq1g7GKFdUh1ue,0.,1,306393
1NnGwe8DMfWtQyYMBGgvoFyec3X6R9h3GV,0.,1,306393
14zGc2pdoJVt8F282w8cBA8vc8V5tt1fxR,0.,1,306391
15qbFyenDWqwnTAJG1eHZXRPdMi9YB7Sme,0.,1,306391
18suw7z7Nast7ZuCAj5fjFHRPDJjUWSw6d,0.,1,306391
1GkyefKL2Fv17BhZAS4FYxhsa7ssDNQX3G,0.,1,306391
1MQ2U5zsE7w6hCHQFdxmcPotc32kARDRF6,0.,1,306391
1NK1qzfbF9VaLMXdfhvGEsEMmA2AjMVRw3,0.,1,306391
1NRbA7wPC7GNSw4QBrWVmBoDSarGWuPJeJ,0.,1,306391
1PBvYS1JnC6ZxnuWm1Jp2KPuyfrUbdC5oC,0.,1,306391
1PnytyXJjeCWQp1p3C9E68r6mx8XeeRvUS,0.,1,306391
1FuG5T7VKYJZ1RksSNbmSpawZ2MJvSNs3y,0.,1,306390
13pmB7rGMQoFdZGAkizgwdpi5z9dWVHqsW,0.,1,306387
1G1oipAauND6aH55USJxS7kEnNXm3dtQFC,0.,1,306387
1L6nXpRMkoWuvVtJRzueyhhzYWUX6R13LX,0.,1,306387
1LH1Xji7uLtjK5C3sDnoKZgPhbWJPqtfbo,0.,1,306387
1Bn8d57xb2hA2j5W6oA2gpAFWMWEpLveW3,0.,1,306377
15t7N4YTd6UR7UD6yzQtKhXgv7pKPJt2Cj,0.,1,306375
16Funu3TQxEgc4WSdGLjVA3miJ5ZLyAest,0.,1,306375
16ZGy95f7j4KtKTMTNDA9hEn858sL4WLqq,0.,1,306375
16ho87soj3uwYzP5M3tNqaYkfMDoFr744S,0.,1,306375
16yogQMoMnm3fSgn8BQyw8mJ8UmcUXbTFT,0.,1,306375
19tZcNVMpePReNWEmG8FrNvzTN48rHsyj,0.,1,306375
1FLnC27zTH2VeXqTYSVkC5ReZA68VXc1dT,0.,1,306375
1KePSwE5Ab1pmAxy7MHahJ6UDUUhhyM2KL,0.,1,306375
1P5AhdyLeDE2uQWtwLpYKbb47B2B8jGuu5,0.,1,306375
128UmkwNo927Z8LN9MEbCnwSUas9gtx8TA,0.,1,306373
1AY5NYjKq7y38jy8NwTjByRMyf5CdZ1big,0.,1,306373
1C8sG4fGdepwfP4XfpDiJ2gReL2u617biX,0.,1,306373
1CLtMsiL5T64Kr5qSTY6XygMiEaCvRrH62,0.,1,306373
1GdsGKpwqjYBTWaBLjzX6y95VUwBQ1kGqT,0.,1,306373
1Mk2caNc6EvytVUeMv2snXEXoZpe4KUozi,0.,1,306373
1QEEpAdJzCLB5pB6EppD6qMPF9kmpS9S7t,0.,1,306373
135ez7zzz2kqV1wpQVVZj2cq37sPwuvrU7,0.,1,306372
152tnMicwk9JWYW1HfX7eKfeKuKMDqYww6,0.,1,306372
1A3WQuW8YjA3qiAUPEFGJ54Ec38WCbvJ9x,0.,1,306372
1D4Ap3h2gWUDZnYu2xqxL7LteU6AzfBCQS,0.,1,306372
1GZ4sL3ApJFP1JQUSRS3Sbur4yaiH7HfyZ,0.,1,306372
1M7ew856xWmr6MxBCasCTcKeVz4e1pVNBt,0.,1,306372
1NfojAHwNs6ameL49yuJMyibMkLEY9XAEd,0.,1,306372
15a4kmWoA17Y2ExrbgZTYbdq2cEbW6q5wu,0.,1,306369
1AnBb2FdNCXJoPJAA61EdfnrmbW6WJT34C,0.,1,306369
1nA9b6u4vEeHxrdXNRne5DqeX7CMTwE8C,0.,1,306369
18CywGuaXdMoTWTjG9GZvS4bBtQ2ZNGrcT,0.,1,306368
18JTLNtxHsSVehWvAjX1tj1aMfQ7zZxoev,0.,1,306368
18bnpjWrf1eUXrrn9mmjJwAqFfBYJ6Ggig,0.,1,306368
1Bdo7FFKywSVyNdmY69E59q35XHD1U2iZU,0.,1,306368
1LYuxNHancmKmoLaJHFbDSE96k6FacgYnU,0.,1,306368
1NtvoeSftmwJ82CnAZ5i2gTYFXhKayeJhC,0.,1,306368
16usQHNRYXxNivFGMGT9486NY5XpwFbH5f,0.,1,306365
19LFViQQgL2kNAZvnc9NypYCNXTxmvsDC4,0.,1,306365
1C8MhqaBmZWHeJ66CJEicKpK86jHdqydGn,0.,1,306365
1CZrkVnsSxYdrnacVDf2jYr8st5PXKv3ac,0.,1,306364
1E8fCkJVf5xjDyF4FfiXZLf1XQwmsytLx2,0.,1,306364
136fFf7utWXktSmaGAMcbnLRJyfK3thsy1,0.,1,306362
16Bc8wZYmjxdekVeNrprnRWJNcZT3tUvP6,0.,1,306362
1ALhnQj9BKgz5MXB7sRLHRdAndScBh8gFy,0.,1,306362
1BG5p15hnpBkiLLYgWrRVQXfDuT7GR4864,0.,1,306362
1PV31QUC2jwNLPKJctJqonkbXcWLgRF1od,0.,1,306362
155oMyqZWH4YNdTYymUNwgrt7nAkc999Fj,0.,1,306360
1ALKocBpHJ4bcsrZf5tgXMYiDh3m3k5ruq,0.,1,306360
1GHTTeNebDKzDqSJALAXhafXHPf6DGPn5w,0.,1,306360
1GLexDXdoUTJhfjJ9mKmNxWnAPQZ46yk7k,0.,1,306360
1Hs5qVrB91GtR65bT78yiXSfxEGvmCEWHe,0.,1,306360
1Juppw6Xbi4mv2HjiPAbdbEjapzwiWVfYG,0.,1,306360
15rVcMpURS6MrXp9bV6CYp32FQhguU3Y4Z,0.,1,306359
13QvadCiEEZ9Lvx321KuKLsXecSVBc4Kfi,0.,1,306358
164J2iXihfSUo8tXhCSyF4sgMxJ57J4cGT,0.,1,306358
185LvdoYyGSPfkNFAqXPcCUSArPnRoZKtB,0.,1,306358
188r3ujpTqWcJVY8eof1VT6aS3FQPXMaiv,0.,1,306358
1E6hd5ySK6XapkWaBYfoRuC2WxvvPsFN2D,0.,1,306358
1EYpYE92KjKiqQZgqiLmPFxU53kAg5zkXH,0.,1,306358
1Hw5uUpWN9jkrhdJ38z3ooJG1QofLMy3Ro,0.,1,306358
