16uSnn57aD6nGrNG249m9pd8xnxd8zzeyH,0.,1,287747
183SAP3Gh1c77bgiLJEG3SP6pgVdp4XPVU,0.,1,287747
1AVhACmrpv9tDYuC6fKMzdFgKUZKsWvRT6,0.,1,287747
1CpQ5rz6PSw1hgxTvwGQK7cXvLoKVcGhaj,0.,1,287747
1Dxe7kjBoF22kiQPkffzwkqHn1jBjgWYtt,0.,1,287747
1HqogRAsWtnn3NjUMvMjfm2e5mdbLA8o7d,0.,1,287747
1JP1MWepJuJR2xM36JHWvR94vwxLRKwdBu,0.,1,287747
1PY3usLawqEpuJQGdvMxUL35PaZz1vP6tR,0.,1,287747
1twVcxWD27sTwe7TqRLd6mSnyE2h4bU6A,0.,1,287747
12DhoquckYbnXwYJonqXQsfYTMw37AH1yL,0.,1,287746
13S6ksLNq5fnN9DaKEXjzbghKg42i9dJgm,0.,1,287746
15Sdpu7gBkn6ipZqi4HFgNX4dAGcwAsyao,0.,1,287746
15vgq1KQoexgdXRLjpHyzLFksNPtvoTwU7,0.,1,287746
16FeScisPJTWruFDHKy9pENbVQsYtqrcJL,0.,1,287746
16Y5CWEVeA9e8Ux92tnyve13kWYZj8poQL,0.,1,287746
17nE6tcumtKarHUGS4dUGCk5RPxgiFMDE5,0.,1,287746
18j4SbUSJpnsosusBTURmsfnmKQDeW2GRo,0.,1,287746
1DAvtq58crob69Vw2XFuTsTzPJTb6PFYHe,0.,1,287746
1EW17U7u8bxC7d3gTcHxeHdYpYfv6Uokdt,0.,1,287746
1Eg5pMXfEdYUkGKhyq2eeZ2PvrJWeEzwKf,0.,1,287746
1FHriHXVpHGURuREBCAdhoS1Xk4TqYhbfQ,0.,1,287746
1Fp6mw2ZGL8SAxj4f3DSR3C6oNd78BPX9E,0.,1,287746
1GBLrA1Z7ps3bj2KkJdPbvd7AZPszRtL4k,0.,1,287746
1HcM6mSineQ3whHCenWdoTszJnHZRAZnbW,0.,1,287746
1LDER4VaKSpq6hpbScGwx9KM2eSTry9jsj,0.,1,287746
1NqCkW692HjcH1uY6h8gvbMMHyTUN9176A,0.,1,287746
1PXahw7zSJvS4KRrhtvynacEniAPyAqDYj,0.,1,287746
1PpAm8cDKeY7wTDvjDczo7wRKrbWiZRURQ,0.,1,287746
12BjbZRW7Q78a6NciEaJf5C2xHUqVezHMX,0.,1,287745
16mtgubP5WcS2ahXK5tWdTSuPKuKDRybKF,0.,1,287745
16oGDqNv43D8xBvNhMUDqQ7NLP38kyQvkR,0.,1,287745
18AZG8mUYwKX9yUkHBvpeRnxTBfCe8tmtD,0.,1,287745
1C594t2S4znEzL7FmAo2H2fGD4G4ZvqbEm,0.,1,287745
1CoJe69qT28yen5m46k9eu7ewFEGeVGLXS,0.,1,287745
1E1cVCKY3To9Z6uu2s2sbk99SpjrhVv41F,0.,1,287745
1FLDP6xp2uHXH77LbKpdUQJabbMUmZHs5J,0.,1,287745
1GeyVM91Ua7MwRoRyJtAx7UwQLdesu3o7K,0.,1,287745
1HS2cYpNSGJAvMa2ANnoUGU1Tb39Qhe2eg,0.,1,287745
1KDX5Nh93bvSGFdRsHPBXK9eG6qWK6cye3,0.,1,287745
1Kw6NsDsqPA1eUUGbjvfzcyzv1LyWktbSx,0.,1,287745
1L6f7vXwEJ5Q7CbfQA2jPsYJ7s49HSq7oz,0.,1,287745
1M7iLhSxFU2KivGyP2qtpyp17w61cG6bPt,0.,1,287745
1NY3X3jLb9xfUDghRUaCXUCTWwF9n2u4tE,0.,1,287745
13uUBruSq2Fo6UcJZF7Uib63bxZzZVaX1i,0.,1,287744
1DwaV95MEsxQBryT6YhNWKoLiUjTZVm2Bh,0.,1,287744
13c41TktQiKwu9tdHkzh1Va1apXJAdYDX6,0.,1,287743
15pYGamt8PksHK3XKZiha5A34mpPJ6f692,0.,1,287743
16Xvko95GRtKfaTsCPnPsb8pjdYDBYmBJa,0.,1,287743
16wzpbY3zs152apC8osFUL9Co6mmSjk9t7,0.,1,287743
17E5ZVyVwq3W31RoQrLursUwH3U4Z8wbQh,0.,1,287743
193uB9QHMpo2uD6DRkU4koxpytUppqyFLZ,0.,1,287743
19YZLzs39psmGpVaZF3XCMMz3bdsod4fW,0.,1,287743
1AESVRg4mPPyrdL2RFTGP99qj5cepSRkbY,0.,1,287743
1Bhbz95dMd9rWAxchdrNbbyHU67ngmPbLN,0.,1,287743
1BxDqsgSiEWg4oniPthSN2tptu5pKw7Xaj,0.,1,287743
1C128M2HkUcyLhzf1xBTvteNVwUhvto2wH,0.,1,287743
1CFDSjFX1KCfupcwZqsaodXHMqTTkR9Sif,0.,1,287743
1DigqBmJ8xxVDBDPbF33Mf5SJeCUnB6DmN,0.,1,287743
1EEXZ9oTVKjMLZZMV2ffi8WyprJW3M1gtR,0.,1,287743
1J7JWMprLJs7vnbeVkLMvsooBiod5dBwx8,0.,1,287743
1KhqhmFDNBT9nyoe8rH8MoKj6uSPdzVHvc,0.,1,287743
1Ln2HtFvzH3dhvQMv1FgBjH3QkEqa4x421,0.,1,287743
142UNkCumq4ygpgSmCKVhCHvZjcGVwyo1U,0.,1,287742
14S7ukAWNQtpUoJ1YvSZKUFG7FLFvdaYVs,0.,1,287742
15z83djp7JZbo7hq24K7VRS8nZurJ3KUPq,0.,1,287742
17rHqyMNT5gWxjB17SfwDsinj7S6CoRHLC,0.,1,287742
19e6JBz9QzuMqM92MNXoFnUNWjG5oRAckf,0.,1,287742
19pRtRwG4TpJ3GB2WdEX3DWpqmfFnV2jUx,0.,1,287742
1Aa1fD44gkWfTRMR8HbrGx2ZAkXLKJai6R,0.,1,287742
1Bx3GtVvpZ7XRrUfdse1XnKnrStFgpDDfL,0.,1,287742
1D2YhcmYh1Jijcy4S3sudJmdrnCQspUU1C,0.,1,287742
1EAqsR9M7v7Mr8Y3fPKpc3GMJh14zwFi13,0.,1,287742
1GkzmL9x75BFDdQt9sCa1YZTGZMckPY2qg,0.,1,287742
1H9PcqdByJiK8VyLu6tz7F9zUKJCAUvP1M,0.,1,287742
1K2hBUw5PzrhhUj8wNhqHEXb9aAuFrZgHs,0.,1,287742
1KQAmnUMKMuvjenmYLeDGH1uxUiSZtqxBo,0.,1,287742
1Kxd2kBC6bU1XwpFWKLXHXZGRJw53qo6Yn,0.,1,287742
1L3EQFtkhJjujGDU89RBJ7YorTqvxn3Rgj,0.,1,287742
1Nxx8i28a6tNJLSrNvCntc3DXzQFF9vFsA,0.,1,287742
132SZvzGW3t4ohJ1ZHvDEhUGpvyoQ5mb3c,0.,1,287741
14N19XLf4kD2zWPRruyiNkrePcvEPTsacm,0.,1,287741
15AbKa8u9oKSRhXQm2Vb1hF1uswBRYLHdP,0.,1,287741
15JNtwK6GDzxnewdQByBDE8YvZJKbtaSsS,0.,1,287741
15pKPA7mwF7ofAYcEMwhevBDYtVFZ7AEfp,0.,1,287741
16md1wNhcHqGL362QkVMGMYBA1kspH2qzM,0.,1,287741
18DEp9xaJTTUgg37js5UG8gBjSP5rDTosx,0.,1,287741
18JGAeV2gsAeq5KwX8dV8xnAxLP36BJGPJ,0.,1,287741
18P3YHxB6iw1h8A559jf8cQcVpmZ7Yk8BH,0.,1,287741
18hpF8jbqgpv3b8q26qypCesC7o8BpmQZa,0.,1,287741
198of2tweD1QPYEPUie9zeNKGk2M6qEeSv,0.,1,287741
1AXapDAFfcxGbQf4jJ7KFBLEBrnc2BRbp2,0.,1,287741
1AcHxvveUYmwe1nx3wF1VPnnNHia7pgh8p,0.,1,287741
1CB5m1dxoa8Wd5YZfpXmDzo7XaYaNavyoT,0.,1,287741
1FWYDH2eEe2kKUuzt1QBgKzEkHoWYrQvEH,0.,1,287741
1G196DD3jBCPwhGdyWnmQyQBvqtFe6Xnmm,0.,1,287741
1G1hqnWVhtT1A8A91jZuv4QpiYbEX3HeaD,0.,1,287741
1HKeL9X8qiWPGWYjnRkrApb7GYWgMoQm6d,0.,1,287741
1J5z1VVueVQAcBdyT6V5qcmSfTPB93htmF,0.,1,287741
1Jb3cPDBf5EPMKUucPdy95PevxsHtTiMoM,0.,1,287741
1MZGV8cZHf58KAQBfJCsyB2fjypRgYRYKX,0.,1,287741
