1D2xbFokUNX7JgQXPnRorh7BPUDXavmffw,0.,1,280869
1DgMssjh1r1Gxyo1VG73gW1KVRcCs8Jc5r,0.,1,280869
1EgoSbEFZBLCotetmB87QiGpDwHWPJoqwt,0.,1,280869
1JqBTW1dUwQxcNs7EyBz3gVVZiFq6rh9oK,0.,1,280869
1PtGDkAWAnutJxzmeWaWRpbdZT5BMy8B9R,0.,1,280869
153i3aKK1z8NUX9c2msc7y6QThtUhKb59k,0.,1,280868
19RWAzQxEZXXi67xS833W4bvdodXPJVC4L,0.,1,280868
1HQya3v2EZKCE3mEJYX2qaWxDwZcrMAD7o,0.,1,280868
1LKj2HoU2x8U3bsCAU4MbjLqvTnUz1zgzu,0.,1,280868
16Xygpp27BfgbMJGxYzVkLKBLTKpCPqjC4,0.,1,280867
1BitFgjDudKZGwixdieR1XcgRePaRivPtL,0.,1,280867
1bCcFkfndpHCdnMqbUSUrhucTJ6nk7tz2,0.,1,280867
12PtgwhKTkaSzzUwYKzce7yk86McpAz165,0.,1,280865
16A1X9VS6haC3AdxgDnY6u2AL9JDnDqjnn,0.,1,280862
17FP9BATEZoEe636tWDadFNj4D4N1dszm6,0.,1,280862
1BCtpdnZMidt3N1joUpqYXi7V8UYzFHc9u,0.,1,280862
1EqWyFDP8vwpw6WB6FSPqbkhkrqyKytjyf,0.,1,280862
1KMo2WerU9Z9AJTWvLmbpKZp3qoiX8cRwH,0.,1,280862
1r4m6AYrjtPNCZWawCR48nRMQEJfVQMsU,0.,1,280862
15qjVik13T1FQxsgCcxdVHfMK8qyv11dRV,0.,1,280861
14j85wXKv2eAztojTC3jbQRmte6ihroayy,0.,1,280858
17PgknTmSBJ6XJPRccPXqmd4kUX7VyHPPA,0.,1,280858
17oQdVwR71EqetEoMPt7PGUJ9aKMLEEN5R,0.,1,280858
18d34odk3GA5YmZx9sTcfHgYcKbF2Txxbt,0.,1,280858
1ANDRZJSywuqbjZLtaYxSy56WLRDeax64J,0.,1,280858
1DjmyD1CufMY1ZuPjaavJiX1Q1AxxUD57M,0.,1,280858
1Hq5jxnChPeGA5CeebHo4tsggRCkxm6XWp,0.,1,280858
1K8jX2Zcti9Bu7B4CQNyCbQ5QhdGuRkmQu,0.,1,280858
1CUNY8GrSWFjPEhNrHAGfSJzsrF8BoDinQ,0.,1,280856
1CZAETwczdJ28qYndTSrdcBksAyX2HS5XQ,0.,1,280856
1DBVqCF1FLr5nLGcAtGKiFgBbJy5tfdY4s,0.,1,280856
1DPwMf4FvnsXDtdRiuJsBXPuS6mRYBjTz1,0.,1,280856
1GWSJEcAbSCsRLABht5jrpEk6pVv1bJMyj,0.,1,280856
1HJ9XY6i46AkUh3NRA1gjtNwkpD5qimiwW,0.,1,280856
1HNRDrnejegQEQsRAqayQd1tighTsu8GCQ,0.,1,280856
1HWtSARSrhahqw4NH9bjEKjta91Vn6VZ56,0.,1,280856
1KWkRiL49HTh1juYxVGdYNGdo6UrBBDYpH,0.,1,280856
1L59cMguPbJCQQacfqtaGfDbARzUWoHcPX,0.,1,280856
1NxEB5qiJ37phJa2wj94spzNp5piveqhBb,0.,1,280856
1E65jN8K6SiHgktCE5ECkXtkLpLuq7g9jT,0.,1,280855
1LxVm32euwrbAaa3D6g3y2oSH7dd3ZFLVx,0.,1,280855
1MxWotqYXTSNSFnJ7sue4xA31iVjiXepRS,0.,1,280855
1PMoa1j9Zo3bW1Fv18Um7TnGHg3FqzJ1HU,0.,1,280855
13wJMsPBh14MoMfuAQ1eQqYj873nHfkY96,0.,1,280854
1JjKJbTnHirKpePLiChvUzqhgi2Hetk45S,0.,1,280854
16E1gzaEMvxavG4VPr5L1RsgLPDkcwfzWF,0.,1,280853
1877bSr4vk6DvRmTW1M9NUs4BDbwmBGNGn,0.,1,280853
1HTAUpFBwUsk7cv1przZZVQ1dHWWaGMcMi,0.,1,280853
1KxTAjzP2X4DuWHKfaQZKeWxPDgSq7v7g9,0.,1,280853
15UTkxbVZSYZDxe5eeMp2KcVakvCYhxDBt,0.,1,280852
1AsTreEdaSH4iiorho7w3Zh6viruc9dpm2,0.,1,280852
1DC6Qs2pZfbxqpDAxapbyZV91kmjXu4Yic,0.,1,280852
1DVHNuwsGXqXqW14s1pMAcrUwzkYMSJ6B5,0.,1,280852
1GB3S15SpANfQayosQ7uCM96jL9LotdnLQ,0.,1,280852
1Pgrf2Z9mzBP9vYmxpiDMLwqDfVkgb6FQH,0.,1,280852
113mdpzJtm4uwpMnHLKTzGDGdL5haPBd5X,0.,1,280851
15k84Xe5jX8aYrpSCRh5o7HkVY9m9raYYe,0.,1,280851
17314b2qBEVq6pMUf9Lw6NpRKNtQxoZCX1,0.,1,280851
1FmUMxPhkjwxMDQk45z3WG1qWZqCbgvQF8,0.,1,280851
1NNDXXK1vh2Gx8ktubYLNgBPnF3XenimBK,0.,1,280851
12M2gkNqmdMNzQfUUKFiMFcX3igBfuhSuW,0.,1,280849
13Y3V54aUxtjiHe9r3qX5qYQoddZghLehH,0.,1,280849
1BAzocfPh5i8NZPfWq8bCZazNRziq9FGLH,0.,1,280849
1P9bYW6yQ3i499RMyXik4vXWuJGji31vpn,0.,1,280849
1VHGj72aS5BN4KASsNpveik3ZhjZxnWum,0.,1,280849
1JcWyJxcDzjxtyNnWxhhshqSqhe5rUne7W,0.,1,280848
1QKTx1FPQBdeoDFh8w2kbodcikQVX4CgZr,0.,1,280848
12U3VMf8PSiuw19YeBZUdPgndCYR3HZyN3,0.,1,280847
1CNgXeXxygh6snKFK7QdNMA5cER3SQuWLD,0.,1,280847
1CxeetTCo1nvovUhpJa5jbFZMmvsWsqgQk,0.,1,280847
1HMCaJp2JJxeZuk5YUm8CTtNN5a24yHKhA,0.,1,280847
14zaupTZ5qTap8xZrWhgbRrJwetnq8X9E4,0.,1,280843
19TA75YDmeG4ovuSpJmUKxVg9Q9nsyjx9W,0.,1,280843
12PZiWCCbLJcPb5c7jJiibG9s6suhaxGdZ,0.,1,280841
12sxAdERxwhJq9gSSakDagTW73jdEt9A2X,0.,1,280841
155q8HwiYvPvHvZgUSSJrBKTxjyZnDKBaN,0.,1,280841
1CvTjALc1DpgV4zTQt4AaeqVwBrjthUJhC,0.,1,280841
1DSWRqAKGwLqhF9m1nWeJULNXGJDJiponq,0.,1,280841
1S9rtrsFwDU4rXZ4iCQwFsU3cRdAoMR6Y,0.,1,280841
14EQaS8B4i9fk7ZtrjCWhethZkKqDzCi5t,0.,1,280840
15cjKF4hQxjvJQK1CdPnEtVkcuhzXEDS6L,0.,1,280840
1BtNnjJ1uoZyvsMmT11XzWxyAyZYAMoHmM,0.,1,280840
1HXHQtDN8bHA9yV7yrbRvAkQkgNmMXv48k,0.,1,280840
1JCHLCmpE9wnu8ihDhxi4yLxyp64cGD7we,0.,1,280840
14tFrdsNyNXFo2GS1JL2PbFNqcUR2isSxF,0.,1,280838
19vRfJJJ1TiFGc6yMnpZw8GxTM9DLpnCjY,0.,1,280838
1Lw8ATbAmA45mqnGPM9oePXjsAbo351c2X,0.,1,280838
1Na91nM39qJQt9yXQ5fKFK2QV8p2RtTqp4,0.,1,280838
1PaZDqQdF7mjxeHN24cKCN9DXz1umc1xf1,0.,1,280838
1xzfw1TCoKHWhitp2tNmPLfCmme9MC4so,0.,1,280838
13GJvUFkNbKhf2ZUFCyVPSzVGMqxaFtbXN,0.,1,280837
13YauZVUpiUWfnF8M2JhaGkwVQdEQfQeYh,0.,1,280837
19rSLphAE6SXP1n8SkFfZr9edXeFqpoVdT,0.,1,280837
1AkViRRN9GNUbefBCWvjjAXuATfQXmbg3T,0.,1,280837
1B3cjWWEE9oPhSQ2RNdYB6oZZdSMQ5xmgc,0.,1,280837
1CwmEey9KQSjM7MJfNTc5pJ4oHJc1jnx3D,0.,1,280837
1ERESvwzFKRJpeikXhiZm1S4vxA9PrQG18,0.,1,280837
1G7aCK5n5wCf6kW3YfbP4FStNaCa39mZWs,0.,1,280837
1GefxiakUKSgwkvYuquSB2tDK1J2m2yfce,0.,1,280837
1MAGU4Q92cwYM7PYaUAxUFnLHA4WSfv6TK,0.,1,280837
