18c8dwxhzPVWzD6pWczcWGWPgzk5tSj6TU,0.,1,340892
1BcWsnrfKiDzRyzs3xLJj1nsobbn17aqfV,0.,1,340892
1Kda5DnKMusWjSBtGawLG46W8c3LaaB54h,0.,1,340892
1LhptSt9m4RWe1f674D6wcfRyPRdiMudnx,0.,1,340892
14fpwaETPzqFFSjdWhDvSHAyJpHUsSsBAo,0.,1,340891
18rP5ADiPuzMdXRfsQEjKvWiqsZrvJgLZy,0.,1,340891
1Ae5C3DeQ6EQuFbi7akDNe5f9AUXbCXXAc,0.,1,340891
1CVHWQgLikRddJ8nU3VDaKE4976GcsacMz,0.,1,340891
1FcdpdBJB8pTGbYYfJhw2iG2xX2Q3mPjPZ,0.,1,340891
1JnFhtaxPFQ67yzv4JRGPSHy1pM24LaLYu,0.,1,340889
1AxnoWSnBPRaB3e2v6sc6vQMxaFrsNVM8t,0.,1,340888
1Foo5bhk7xdpMRP1ZHhrL93NwcVJdLDmi1,0.,1,340888
1HSqT6PNkWAPy1x1iXtUD2c6WvqZt4npZf,0.,1,340888
1NRXK5nAod2DrEqnbd79bkXoEXE43oL5X9,0.,1,340888
1P61UbCLNDYf33sZrSGjgS1M3vnkVTbdme,0.,1,340888
1DDqyqCdUBmYN22RGsXD25cjpEsWB7BEbn,0.,1,340887
1EJAG6ibWQUfN8rXqCYJoesVNDoS1tesqw,0.,1,340887
1KhM2tamkRjr7XcMrnen63LpihtfkYcz6r,0.,1,340887
1P19zZ2dqbxJRNywFhC4gUK3tfZY4S1aAz,0.,1,340887
1P9NW3xvangxGMKnZDC7mAfhsAivKZV1ML,0.,1,340887
1DPivw6FcXG7MkvaQGVteEPsfTyX4A7TQk,0.,1,340885
1Lacn6N53hRWCiCczbF6nxDSsLwNEK5bGa,0.,1,340885
1a7cByCNfuBv3L3WAu3cFqcXU9McHP4xQ,0.,1,340884
15U4wkVhhm1itKxhf62ePzXowkVE4ScnJ1,0.,1,340883
1BhyThPXqcvgto8niUcQM16hawYVVpYo7J,0.,1,340883
1HwNDht9yVuH8QXEqgy2uRgD4gPLVv2bGk,0.,1,340883
16CKmXWCDBuokkJVPewkowAUEVU9Cvw6EE,0.,1,340879
18BaMDoNfqcHocN1EgB1UeLVvtuvR8rHPz,0.,1,340879
18wHhpPt8dXRZLoEnv4dsHyJCd5j1fK4ZP,0.,1,340879
1CthA2Jv7axCQH6LWhxPKZLT1TjsF79ruV,0.,1,340879
1JeQfPD1S2E423SBmdcNLGVJXUW7Zy1xV1,0.,1,340879
194BC28i3nbT5Vn4Qn8tz64jeBNZoLkpmc,0.,1,340876
1AjDYNJrxTfgJVeysUQdxTXHXCuesxRhyj,0.,1,340876
1P4UhFEUnBrYzEPCixb4kiyDQtkuVr4PTS,0.,1,340876
1BgvDSgjKvxpYZe2EiiGzakQz8hnLrTEki,0.,1,340871
1CarWX8VDjmVh5rNawAEc16ow5iopEL3RV,0.,1,340871
1E75JgBi6Hv3iSXSSZRiN8DtiRBy8T4XXv,0.,1,340871
1Ep4mS9LvVBPHknnAGS8UPF7YNJrPnBiDy,0.,1,340871
1FLhoSYav8JDj94RrUajRLQ59kGirsBNVm,0.,1,340871
1LB1y4vaYqruk2Uz2mSXpJDLAR5x2RUW18,0.,1,340871
18jqM4Fv6x2CgQXTgLqWB21xuykus8NWsP,0.,1,340866
19KoL9U7aPgw7St4ySiath9yV5e2TYnDiJ,0.,1,340866
1AFizzmWXbzjpLxQjdtKV2fvqzagb3uNCE,0.,1,340866
1KnG2W58NnqFHBNbauyRpzEVvewf1AKo5L,0.,1,340866
1L6ck811vfPQy8rNATxTwP5ErGBNavWpF2,0.,1,340866
1oerjV4CFd3YeVwdnZ3TJmB7sTEVg5YsN,0.,1,340866
1GVqA97VRqqiB36p8X1FXX3y3ajfmfX1bW,0.,1,340863
1JFZWVHx1QMhqXdKB1F7YC56p9Nq4nfxPX,0.,1,340863
1JHKqbtRYpLagaS13uYE3LoxepkmU8HGz7,0.,1,340863
15G6tj4ToXSyweHzmjgHWyhATqELGLgw3W,0.,1,340860
17HTfSELnAjJnqXxFS7E1n4PeQUfZ73E7Y,0.,1,340860
1Cnq4AWoUM1XESpv9H89sznEQ7anwWRwsT,0.,1,340860
1CwH9MSwbitebwcdDxKYmALTemGs5AZw31,0.,1,340860
1EirpFVafoBUtGD1YknpsDWLzijSagxCgN,0.,1,340860
1FZhKhHFwRAPwsDg5QbBFwusHqVDJp5hmX,0.,1,340860
1HCsJywuQe5wEhzvf4bQC1nVwkAzLjoE1j,0.,1,340860
1P1DUbVyEKQ6qrUyy1Re8dEbHAnyXu3ieG,0.,1,340860
1PLsUb1g65VdQKU1bmsHNkjswChiUFrDoC,0.,1,340860
1G2EPhZHKr66hWk56yzH28XfD35qWQM7Vj,0.,1,340859
1P2hvYYgeLiaULsfjfLS2tMHTMr9YZQp1o,0.,1,340859
18tkLz4YpNce2ZfN5YkUu1QPQRKX7eT3DF,0.,1,340858
193RtcweVxrg2Z4KYAdQtzdbJsMYyC1c7M,0.,1,340858
1MTrKZXaMo8C4YgPFanBS2M9scBobKvtUG,0.,1,340858
15RaP7svR4UAHGoc7ZXe8KGYa5Y8nqxwSb,0.,1,340855
1CYxWX7obCFYDVr3HSbToKdrCiVxEMaGkE,0.,1,340855
1LYMf8NGi2jVM6gvGYJJhpBBBMaPRjBFs4,0.,1,340855
1hUPyAs1iAe9czCQVBQbAUFyhd3BTe5VT,0.,1,340855
17eD6Vi3FPb59Sk5K9E7iqJy3ZkZ1jCEjf,0.,1,340850
14RbaXUjE6UTJxN1Ye6EJVgsJPKVAT1FX1,0.,1,340849
17MF3Mheu6SiXnigDRpmKqgwvKSVEGCxq,0.,1,340849
18Z43xGMUWSDbtuMiEoKM9mKcAUcc3fk27,0.,1,340849
1GQRYE9QdgP56TEwzeW1Gj8ZmmFp7ZsmsW,0.,1,340849
1DdC4SyVN2rEmZYGdruawSKX8uKqHtcddg,0.,1,340843
1GTipBn6iahTrJU1tcS2Hv9gmeWfnKjrMA,0.,1,340843
1JvXKkXAh7wwyreb1vfJDE7moiujVv3EX8,0.,1,340843
1LPUkt7xskrWtQFmgvQqPddv4MrKUuS7uS,0.,1,340843
13Mg2HFWvrjWLvTd3ow3XfAeqWwrfmamvT,0.,1,340841
1DJGCsWWjbViaH1uGESxUvcujVxK8n7D7L,0.,1,340841
1MfPuLULc4rKaHk1TpMmdCWNVHwXTLe9Uf,0.,1,340841
1FDjbYEm3qVv4u3RWmUM5dPovgZ131P7M,0.,1,340840
13UcGiUCy9pNcaT9nfJESeJsQB1SzDfaTk,0.,1,340837
14BuDrHtbBNMnfayXuoVKc4JDbg93UwVQU,0.,1,340837
1GMHDf54XPpCiN1ywWVt57YDsgaut3UXwf,0.,1,340837
1CgYwnS1cYnX1hdEv6QQtzGcRVueyNEDHN,0.,1,340830
1L9tsbEBhc1rxNV1xxTDSp3XQGTb4TKbdZ,0.,1,340830
1PjzyyxSpSHErUtUwkH9CnTSwkRpxQWiGy,0.,1,340830
1Q6jGnrAjVxDum5DeMExJR1T6gJriRBGPT,0.,1,340830
12ZrsJmQdnNJ7Zmm8s1bnNy3FgBSimcKiz,0.,1,340827
162Yarw9CeCFLvia5mtazguKDaGXR52uNt,0.,1,340827
19qv5Sj9F7EVayVoZ1YzAGtXD4k2vn6t3q,0.,1,340827
1JpviaT9ELfvTLiDkqVEPbiqaUEch5ogSd,0.,1,340827
15h8xkH11eGDDTTT6UMerdHVEYiHbssPHy,0.,1,340822
16WMqkyvfHTgubPeE1nALV3uSt9jEwXqiA,0.,1,340822
1D2UE6KXmwZHwfZda8swpnZ1JqmP12Lvmo,0.,1,340820
1PUTAk3E2mpgzktrZ2gmPwhCvrTsWW71Xy,0.,1,340819
13Moh7JiCxubyTRKenknLPKYTRUBLS62Z4,0.,1,340818
1G7VMnFt448MQJSqwWXdSZq2c9cuzHy24n,0.,1,340818
1NxpHz121UrhejcrGrp4KW4ZXHGCoYsKLe,0.,1,340818
1QL7Bf5zo7UrZKBrfuUK5Kp44EX9t8cb8e,0.,1,340818
19nQN2o57c2cQUPzEgCUko2bXamhjStmbW,0.,1,340810
