1C5KfatQJD9dqZoeXY33gQeHpoD8vNyHLq,0.,1,343358
1CPAkEKLHpyrN3NJSxcjuWtP7aZiHEKhJZ,0.,1,343358
1Db3eWjXjqAWfECuF1RioiTBjSKrbvRhpP,0.,1,343358
1JjVwWMYaR9aE7Q34yFfzgH76evqSthawq,0.,1,343358
1MsTPZSGkJ9CYEK6aQ8ytFp5K6SJmmoUTd,0.,1,343358
1NVjDcsERjyH6f25n5WsobSx4ScvEqDAgG,0.,1,343358
1Ni1K1REXXGW2T7fmg1ue7T1YwBfMxdheA,0.,1,343358
12eWVEQtVKu43FUVE5o7i9TP2u6Co8hXmB,0.,1,343354
1HTWRGmESUdbLLbQv2LpfEFZYm1xGzhn7y,0.,1,343354
1GMc7HnSnKiU3cMzuXZqZrNxtvHSoYDKji,0.,1,343347
1HG8kNpozHQac27GCFC2mLJWa1jbKso6u,0.,1,343347
15Fw56HLpMosRxsF5tqcZRSPXsop94VVNH,0.,1,343346
1EYZ28MAVNB3AtX5AVJPexhsy8XXpRJqNo,0.,1,343346
1DAf2R9us91hzPkgWyPh7Hu9CxZodeA4o6,0.,1,343344
1DDNWesmDXZFPntz3Kt93XBrmAZArjdzxn,0.,1,343344
16fXoU7QNE5RcK9Gic53curC7VUVcS9h8v,0.,1,343343
1AnJbqF63j1xKYsHddxEEUXFdxyXoth6P1,0.,1,343343
1CjuqXsGVD4AHov1Hr3PZW3Qrb4XmRMBgD,0.,1,343343
1HZ84yzu8p5CSiERTW8LdfJV79efeDLrdv,0.,1,343343
1JPK1qBqE1o7qv5ZgDmi4G5ggXV5n2ZBNQ,0.,1,343343
1NK9YX3AsuspHr8L4kQCi8aoaCunPGQcM6,0.,1,343343
18utL2jWD99pUwSL7QuUAHWMdccz4ZdAXZ,0.,1,343342
1A8jhrG35eh95a3mYo4pFcBW1BMcbLgg4k,0.,1,343342
1A6xgieySxtRin7yYhBaC9yg72cbyXxgLB,0.,1,343341
1An4d8ucCBrK7k6UftEi5XuMrBjKwd8eWm,0.,1,343341
1FiHbhPdn2ocoeKc7cBo3pmy81NGuQSVhu,0.,1,343341
1B7t23ZFysR49EkzRA6Eh6reN1CTU2yyCs,0.,1,343340
1HokveLLriPUPE9B29bahNNgLywvkQdK2h,0.,1,343339
12ZM2WFDhzeXDqD1YGy2FvyUt9jSLUhuMB,0.,1,343335
13hZokF3deKxXRgPg6dM8j13aSjQivpCDD,0.,1,343335
184BepKxrSNBefsZEjvxRUCnGk4t2znYaJ,0.,1,343335
1AaCBsbUCReyuaYsYgZPFZLHjDwJh77ppZ,0.,1,343335
1GZTSDbCfwJmr64XkgqPBUZGmeaPgDEAHW,0.,1,343335
1QFiYcXWsoozVs7WfWdcgRePmG6T97LDqt,0.,1,343335
1Ued9uWxKv7o99zy8vsvQbMrLUKFAAMLB,0.,1,343335
14ebzLvinzAv3tt8urUCmTi8bL5sdBsYsS,0.,1,343332
18xUU9bMEhao8ZUokAyVx3pgsZywseXgNf,0.,1,343332
1GbpH3eAAwd4BBgc6RY1cvAkAy3rkn3S5n,0.,1,343332
1KJusMjFfhBeQgf6iqFXR5JZre5qGJbA6J,0.,1,343332
1M6r8hfAddYcUKGyv1w1repGpFNCCJnN1D,0.,1,343332
13HABw7dcbfvz3BqzMwS88dyvhhMor4hpr,0.,1,343330
16EiD57pzZ1KayF6zFVTqgKCQwFXLqnMmv,0.,1,343330
18jMYkYfATGCgPBfQ6wRT9dDjZpzYYqZ3Q,0.,1,343330
18zSBzX11XcCBqZyfFLXSGMwVHrQW86tVb,0.,1,343330
1HfzV1LSNFy8kKHUyhxVxijKRU8dALVcCA,0.,1,343330
19xJ8WfCGdgqtnw9LFJLqD4wabDAm4b1Wr,0.,1,343326
1BPTR6sRVAHCuf9bBdurF62oJbSS5Gp8Gq,0.,1,343326
1WBwBVQrsDyxmKwGyge2JxQ8vSmSMEA3M,0.,1,343326
1eicPo3GyQcH51Jan75C3ZiVvefhHqx5J,0.,1,343326
14xMgmp3VxEBhUExRPYPthKV8hZmJvoNFy,0.,1,343325
18dJzovXcVPSU6nN2Lk5qrc6KRKyniRbT8,0.,1,343325
1CCVNfYCeYhCnhmNm3euFJB2bnAG9FoyR6,0.,1,343325
1CoeGY9LSXfpnd67197id6Cmr3d2cvFuY6,0.,1,343325
1HXbykZKQmTerBwnwPS6LKtVV5DFmxPWWh,0.,1,343325
12nvxXEC8J9t7k5dQqgEQAkyKeV89xD3ik,0.,1,343323
18McqPNJc3Kb9iCfhbLgEpAvgUjuvEjcpo,0.,1,343323
1PdrjwUZyGHw7otE3BAsSpwCW22cwDEAG8,0.,1,343323
1PjECnPyjyjEmKWojvFgqhv8yxAK52PxGj,0.,1,343323
1FMjde4xKjgPiwTNnRCX1WVTQ381CCPAqn,0.,1,343322
1MPEur4adYpmLivRPnqZV6Diy3CXnu5m5H,0.,1,343322
1PotjusRYnzz76acj5Eqc6ZweFQCnyQBe3,0.,1,343322
15xFg3WkMAfwmn3ZeKE7ivTTcKGAWyzTYG,0.,1,343321
1DULGtJ7C8swWv9b1T86QzxmjcS47m298M,0.,1,343321
1JrpQVj4NKnMGW97KhSX8JhUv6kgdEWNPF,0.,1,343321
1KXrMkzMKaFjUmR2zLCVcFWqSW9wzJcRGK,0.,1,343321
1L4TBtnPRU2axcPdDzJjKKxtU391jHtRDC,0.,1,343321
14w75qd5SM87qJS8nbkizntsti7Jhf4XJE,0.,1,343319
17jhADSS4UMmRb7fCDXw39yWoTNvs1bFTe,0.,1,343319
1BHJQJCB8FQ8YH7ZPXXscdcZEQLc2ASUah,0.,1,343319
1CeKpxRGdoWSKfudyud79rVBYEqA2QEfA6,0.,1,343319
1CzqY5RiqGJLTjR769dEBQRxgGstb1cBjU,0.,1,343319
1GBJrTroQqPkMscEAcSXvx6gHszCZ35rym,0.,1,343319
1GGbGap6Wo84bF3qJhMsJzPhgc4V8c7qta,0.,1,343319
1JUq47YGZz3CjdP156CQboz6KRNYMhXN9f,0.,1,343319
1LeMRNj7yA3vYMKyq34NGMT8DUMDkrMuBR,0.,1,343319
16ZGASM5DQiTAyfLsrGtd1oFt9PAbBkMeH,0.,1,343318
19gE6xj6Qcf7JHNdEn4tWJjMdU4va6XBZ4,0.,1,343318
1McVbbi811eUngPFLPvjMgjkY6R6YLAEWp,0.,1,343318
16CDwnMwdGEK99qgcTuCMbbEywLy4YSSYs,0.,1,343317
1BmeZ37WKhAXHRZH6A7EA93EqBHDwKh9Ah,0.,1,343317
16C28T3EDhJiFkMP9zkq3UR26WAgrYkmns,0.,1,343316
18fbcAePz72WdUyvFjvMVfdpFcjrbocVsE,0.,1,343316
1BQu9SFvkf5ntXhneQnQAhhuySmsX5GfXZ,0.,1,343316
1M6Md1mAxTqbB2Sdba4KVusCoF6c4ukWZu,0.,1,343316
17fgBa1f512LTUSq4HX6GsmevM2LbCRyjH,0.,1,343313
1BKfKvRsC9LU2n5HqeXL5YNwxRUZcnwbdw,0.,1,343313
1CovnFSssZ6m1Xoj29ifvu6v18ZkzdLVii,0.,1,343313
1EF7TUuEybWwP3kg2xiPSq23sSqJSZxTH8,0.,1,343313
1P2JTMvt24MpFRJvvZGdhrBL3j5AFMUqa1,0.,1,343313
18q6yjNQQuipdrxVsGadsXiw1oKQRidvkH,0.,1,343312
18KFyGcJKujXshAxY5AiHZonBeQwHtfSPg,0.,1,343311
1EyFHEbNQgWthsotvnjYpymXcfBBPfbqvh,0.,1,343311
1P1DSAgPduk8gDVJbt1otMhU48EuTNKFRL,0.,1,343311
12rVFBai5bi3EE8MUm1SayLu5DAKQo86KB,0.,1,343310
17dqAD1gNfZ7ViRRq3HRd49M36vWhAjaK2,0.,1,343310
1AXbRpGbWqWZyte4ZWzUFBF5LnGUTkhcXN,0.,1,343310
1Hi84E3toviZrC13Z3HyHFAMwenCpGYzA3,0.,1,343310
1JezDcs6Zcdara9PJ3HjDyn4p2FzfrJyHZ,0.,1,343310
1LQMzE7NwTwKPyoZVuXqiEBaBskW3aCm3P,0.,1,343310
18k5h2vdzRbYd5jfNMwEhkKXQWrF6cHk9g,0.,1,343308
