1MEJuhDTBuJnL6GHcoEuWTmm8916z7YkEH,0.,1,235403
1MzguUkDvrHuAsC3RV1DwDhbYHrtiNYbzr,0.,1,235393
13h4Pu4R3EEnKbnKWWczWJve4EzDgkHxH3,0.,1,235392
187DwytjSFFiBJUVqeBW7zyjFYw5oArarS,0.,1,235392
1Lzf2DcwMGat7me4maY1NnrYgBHLe8RJ7h,0.,1,235392
1Nf4HxJVgSuqoqtR4UtYutQxTZUbZJUCiR,0.,1,235392
1PwqwmKohN1CBSs7rFmXKKoA2x3WnyhJHV,0.,1,235392
19Buws6sRXki8QeRhYXfPXb3kXXxf1yy4k,0.,1,235385
1EYZ38NwyRVQoKo4fYUWKVJrXbvpPeF17Q,0.,1,235385
1KGMSmH1eoJrvNY2crpYju8vK3Hm6iMyf1,0.,1,235385
1KFWZ6LYrRjrvSt2iYaLvUCnzj1SEoehdy,0.,1,235381
1NnjvWDJBCeG6ceGP3jDnqvKPsEUwq774e,0.,1,235381
1ExwYBA52KHjEyVErruhRCVxpsU7KNr9gu,0.,1,235376
132pZEK8rVoQ9HeLVnhRx2VmwiB11dzYKm,0.,1,235373
1KPQUnN1wAXrD3Jyr3wgCTZSeaDZ2jS2zZ,0.,1,235373
1PmsyVxoUzJx76Ssg4J2jSuD8xmYqMqeH7,0.,1,235373
1HPVeYgzeoRpf3Dak4ehrwLAnGBqaNfoxY,0.,1,235365
1Lg3ou6A4zY6KvkKYYRSNuw4R7kbPwXf2J,0.,1,235365
1H7HcceBSPWFQPU6EapatvQGbFvy9gshwB,0.,1,235362
16dHZRWvgwkoLZ8b9YPHRMT3uyLkBbmkE5,0.,1,235358
18HJnj64m2abiddpZXhxBmzT8pdRRNkc6v,0.,1,235358
1Db4D8qrNpUxRgAw5wFqhQHi4dThBmNmTT,0.,1,235358
1EKUMVwxavkFtJfcDMQLdprJHoWspbDQT7,0.,1,235358
1GGCQNuc5DSzuKGT2rrY1gMonvsZiiPDMx,0.,1,235358
1L9byAS8VBBknKa2Tf2FYoBtGESTMxYy9h,0.,1,235358
12CLdbWz2LNntSXBoMhdjcT3fupDH9A8HK,0.,1,235356
1MUCqKVMj4n12u6ScZAHMa76DqjRC1LjyB,0.,1,235356
16rDx1AGYp6TeuiNmdbJRkjGrAsSYgQDRW,0.,1,235352
1JSSZX7XWZvBxZLtnatPP8qhQ8aHaqZvJ,0.,1,235352
1Es7KLSF38VHZi5Gkyo5FgGXXLck88EaTn,0.,1,235345
1FZYeZtuMiV6K1emjbBuq7d2jV9JA3s9Fx,0.,1,235345
1JPC6GJTdLeGRFyuE14FJFzdNHQxzyYcvt,0.,1,235345
1KmQnHL6c8PifLjL6wwxZZipmuwErnQpeD,0.,1,235345
1NZ5yiev7a4vAgnr3BL13agsRMoQhE6veg,0.,1,235345
19pZTXRLu6YkBkAKVKxBXfMr2k7jR8KNQm,0.,1,235344
185e6XnJ3pKW85UtsSiDxiyBsBP1RX5WAj,0.,1,235338
19XTt8w83NS464Ew4XHq9HxmpXqP8V5ddB,0.,1,235338
1DUPPecnNMUfHa2ypG4PsKSC6LZT2PC171,0.,1,235338
1AN5LPyBWi4NyC1Ci2YE4RtjqT4wokRy7S,0.,1,235336
1HJjVZsENhTJmSw3DEHcm2pbPVUwEohgow,0.,1,235330
13nbBTuynEv5coGmdrhzeh2FypzeGKJ5gM,0.,1,235329
188XZYvJPvP2mJAmNd8xQmE1AkT5FR2wiS,0.,1,235329
18ehGaRjhQPLYuESQiBtvdwxd1vRwieUzv,0.,1,235329
1EbZfZQtB1UN5cos4YVyYfgDAniKvHCKXf,0.,1,235329
1JRCFugKnRxG6dKe18niMfujREEq52iBMe,0.,1,235329
13WxqZRCfdux5vetyg9VL1uhQFas1p3xzE,0.,1,235321
14JGL9YU6kRJB7FrH2xHbvVNv1dL4P1GN9,0.,1,235321
17twfAvJyYsB21ERn8rYXCkur5o64dXXv,0.,1,235321
1HW9muE3DvK2UWBFxnzP2XKsb4enFvaoZW,0.,1,235321
1KNYy4TN3uB9RWJYqQmJhxLMvZd9YpB7et,0.,1,235321
1Nk9snoTsNCL5oW4Xy33kZaiYoMN3q7y4z,0.,1,235321
1E9vB8R317rqYruiyKdbrHZsjNDRXWtWEs,0.,1,235304
1B3mFSeraBwScsi2Zj2QaF4FkSnPdMnYW9,0.,1,235284
1BQkqWBQ3WfQGKmYZDbBLZ6hau4YMuf8wJ,0.,1,235284
1G8YgtsnKxfVGe6fbLvPqvh2JHgJNRyi7N,0.,1,235284
1L8r4KPXdm3b7DgR1MPMPnzwn2TTaz5t8P,0.,1,235284
1PvWbrcUEEt8rTpCpbV1vE39iV4sheniVk,0.,1,235284
1E1VkZt4bgQ4yD35zG6TwR5X3cKyB4tZx3,0.,1,235278
173vvVuZe8gm1KHbeVHs42v3mA2reqzBvr,0.,1,235274
1LimCiUCc6jxPMRHzoqmaReDzbtVsym6yh,0.,1,235274
1MBQP2r9CqfedEqQUQjxMr2bsUCAY3xPda,0.,1,235274
15VaCwPQTCnwQPA2QsNCtR1jZftwvACbVi,0.,1,235270
16GcfTynCwj8PH5irEcopjAS34AyZSKNZY,0.,1,235270
16rqGzfhFaHg5MWtTtMUZYPQ8Zg5PswjT7,0.,1,235270
1JM8xLFoDCSyhcwSJDsgwiaRX9siMdi35t,0.,1,235270
16Hr5EmpiQYCVj5WWEJo95TC8mUsXKXP43,0.,1,235268
19R8PTaTQWviaUPoqRGQzBaFoDr3ZpXALy,0.,1,235268
15EUR93E47P6MGiGvTMwFRZ6xcxePneGeW,0.,1,235253
1CdF1ejrTnhGSoxJufVpoyJBmNwAGPYBUm,0.,1,235253
1DqfJaJ6FwPAbVdkUCCzc1uMNw7rPqn2Nn,0.,1,235253
1GZ8djovdwVZy56TJvcLghx9FQGuw8ShMY,0.,1,235253
1PoBo3b8sELixAHcSCFgwaTbMMtt5bNM7o,0.,1,235253
19ovxF7nUpnQs74gQ7z1XmyHZqQ61QaMzb,0.,1,235249
1DasJc6FLikR88PVssh6f2ZDpwdBSURphX,0.,1,235249
1JHEFDEFx4EiKdxaELRvweeRRooorRKyfX,0.,1,235249
1KCtw65RnSwcMrPx4rA8c1wPEvji4d7xQL,0.,1,235249
1MAjufsEo7BWrGpWitP3QdDV8aZ5pvfSDo,0.,1,235249
1Nc8B7QRRQLgREZBxyXacim9tzyonFiDHa,0.,1,235249
1d8EV2ncP5SXUP53DUiQi45vemT9iJGdu,0.,1,235249
1Ekw4CJhSJtqZD1wbvmxzUSDxTS1MMgDyw,0.,1,235239
15TSGFnvVKB8XpUmH44tSmQT3jNH2GFwz6,0.,1,235227
1AexyVpX3tR6BvuerNSnL8eb2jhEuGNCf4,0.,1,235227
1BHovdHF9prAWW5zjobC9duW6B2hNazTF1,0.,1,235227
1J9fs3CVKoYqLxis8D7FVBp4tzUydUauWr,0.,1,235227
1JAEFjvhv8PzBvT1u3E87sVhmuKu3EhJ9N,0.,1,235227
1LrLtDq84JDmtyRnG62XcXttYm8UUQN6xB,0.,1,235227
1GNc3y8k2tSdpt2iT6X1XEvBhp86uUsoaP,0.,1,235221
1JYxEKQW2ak8HqLwM7gx5weasrvgxwk11Q,0.,1,235221
1LAzuwDTQtr85ofwHtzuNDMZHq4Jiq5iJb,0.,1,235221
1LDJRgZs5yvSyNawhrobF2qimAr5GBRdYH,0.,1,235221
16v2HekjWKVPVot7kbBtyG11gWr7LMCszp,0.,1,235214
1C4Z7XmHhtYbpD78LjnfidGjkq9YbfCK5y,0.,1,235214
1JcrrQ7mWJ56LCGKjYRaAxo3vEpUaphEnm,0.,1,235212
1FNscCcoNkLJ5G7VisSxruqgb8gtF4N6ho,0.,1,235210
1GFreqoNQ3DQ5s4eNW9yb8GBbPPo5WjPp9,0.,1,235210
17Doku8R5GobRApPXk46MpNRkQjjT6ro5A,0.,1,235208
196qbCJcmnWaXMB4GDasgjn8hqUvZAaNkx,0.,1,235208
1HB9Y7hdKpzxqunTuy1BGneJwgaqo1bFrE,0.,1,235208
1J4ZNjNSPz9v616tkmqeLVdhUhhaBpeZRV,0.,1,235208
1N2EKczdLjNDmeA5DmE8KHfu3Yc8q6MZ3q,0.,1,235208
