1KySYmxuLB6s8D6p5Ag7frSxaVNf3AyQiF,0.,1,298506
1MFuevx9QjDyJELuz2A2QHyaxSr7pNMr51,0.,1,298506
1JGyTrqmb7tL1zasombEwC84kUNunwm6vR,0.,1,298505
13NbZ1HTsfL4Qb5mFd17W5PzjWdBni6qnr,0.,1,298503
16xxNu6XqoNpoi1nfbvqLPYRR2T1ToLP77,0.,1,298503
19JJvHu9sXjfp9MwEjx5i95RXdF4zFFS9n,0.,1,298503
1DLjTCujxW73n3U2P9GSJaHzeywzm6caH6,0.,1,298503
1JsLkjvM8VaFxkrfMSqcmy8Ujy4wXYXW57,0.,1,298503
19UKAx9vQ5F95SGYWHWtkPcgNzrR6BT1pi,0.,1,298502
13ft3q1LLToj9UhzoJakeussNUWfyxcKJp,0.,1,298499
1DVYkRzFMfc86GNEyAyRmxsMJVfN2X2qut,0.,1,298499
18QAhKKAku7G9QTVVPmRZdB3bfbABgw7eh,0.,1,298490
1Dodm6maJcDfQxB8SZK8Bbu6BHZWFturQW,0.,1,298490
1KBgNi97WvaPrwi9WakeZKVjDuxpoCvrxe,0.,1,298490
12MYqrDpPLKiAkhd3Qdumn3Yn119YErpLt,0.,1,298487
1Ns15nF2B1yP3bXrQwg5DiUjv8bx8fLwyf,0.,1,298487
17UoYtMNt7fdY2m1kZfpdr8CHgK2kVC3eu,0.,1,298484
15fT4E1goJBLpqupMRHnACbqXFfotyo5gG,0.,1,298480
15kU8KCr7E12oWkpxduvqySshcVESjPHXB,0.,1,298480
19LtzdJZrRiuhaKYgAra1zgY1Rbcni9jt,0.,1,298479
19oGdBa1eYbs98PGsHr7yYSBeWqwWFMPUf,0.,1,298479
129yV8cY1RicJ8kAW2sVfkwFcTXRnuLwZN,0.,1,298475
149gBMULpzjz46Rmg45CagvM6uJG7n534K,0.,1,298475
1GzuZsktJpQtG5SEcHQKmq7uFFcndgTz6n,0.,1,298475
1KD3MikCd7oUvjyqbrGfnQyALw3A4Pd6Gm,0.,1,298475
1PWRd8RcpXjjEgvNHUwzjn3JCswVeRv9Rp,0.,1,298475
1PhvzSyu4W83P9fXAMSYbYweLonMTN1Yjp,0.,1,298475
14Fm7yg3d6cJ24uwpMeTgjkEdmsz74bdDN,0.,1,298474
15egRE2KxLBoaKPM1QRTkrb6N7W1TCd5vv,0.,1,298474
1853Pesc5FqvjDc4CpPqjCZRA4F2ETwiof,0.,1,298474
1MavQjEiPeM9v9koNiawoiCD9Lss3T1yPG,0.,1,298474
114Nvy6pQCUTicxmY41Zqd18CyhmYJ4cBX,0.,1,298471
17Pw1hm9wmTXjFBSTa9Evc1kyCwW6tLSvt,0.,1,298471
1GSGpDp8onqzAj33ifPrbbaHJUC2mmtDm3,0.,1,298471
1MrKgzXKoVQb2rJ78cH8wSEuMysxAYAGKJ,0.,1,298471
12x7m8GfQDTk4mMJ2BxLxZk66Es5BFC1t6,0.,1,298465
14Zq77VQFdKiXkWiFYh57PcQ5bFVgN25fk,0.,1,298465
16PtaojPSd6rhbdQ3waZMYX5LRoau9PmAC,0.,1,298465
1CvHubYcj8CaR6ePEKqpZi2LpYUZ36iHDU,0.,1,298465
1GVc5mTrEzx2esEZTQVF3RiTwzBt5qGgww,0.,1,298465
1JgSNqWSP7cCB8qt4XM3ypNGZVULcpazeo,0.,1,298465
1Kq2rZ4LdwSxX1uW3AYE3Nyju484FkyeDm,0.,1,298465
1ARUGci5sAGJjLhPVVEqbW11fkwBs4LvsG,0.,1,298463
17nvvZs87k986oo5FKeLEg5nDrpQikrrJ2,0.,1,298461
1GBeHcNRCiDhw3jdFrsNYQ5sy2uKPhFh4P,0.,1,298461
1Hm3KrFqLij5CQ2QGnzsUuQ7kf3Px1Jiba,0.,1,298461
15yBiWCf97fTzEQUAqjYBCkXPmYHYHkCzT,0.,1,298460
16G5VGh9HxH5UJWRAwtfh4PJSs1hTqeBzT,0.,1,298460
19XhqAWPD6vspcCsJHcXuAzLeSoE7n4bKE,0.,1,298460
1A5DiuYigynDkFtVpUE8k9P6BHkEumQyiM,0.,1,298460
1PyV7121Vk3VT86zLBMuCuHPg6yAo1pfru,0.,1,298460
1EHj1BKEPyiG3uQ9UhwLLkZHYUE9ZmVTkX,0.,1,298459
1KmdBoqFeVBbqZ6XauXe3iitu2szEZ9HBy,0.,1,298459
1CQstV2qehAVTRmjwspiu8i7TRDzDBS8CY,0.,1,298456
1JRfxbiRhL1B5HQm4PKWvCHM6iZyPKBQAC,0.,1,298456
1KfvcM5qJkMMj7N6vFZ6GeuhMt8UP5myUc,0.,1,298456
1MjLQVFkjX2PnaWHJTqaN3XJPtqa8CFQen,0.,1,298456
1wu6rR17S61k4tbvrt6W4XSGH8Ukw8h8U,0.,1,298456
12Dig8Dp67VWSB1xWQHDshgT9hKc7A6UEr,0.,1,298451
19zeQgZnCVikQV5BKJ4ynTVfCGh1bKLfXT,0.,1,298451
1HbEcDGDvGv7SpEob85osxyUeBLLjmwbtM,0.,1,298451
1BFMe5XP2APqqanKBZKhuCQcJJC91DoMNU,0.,1,298449
1DXwbyVWnvfmHLYKVt1W9e9CaKt4WF1SJb,0.,1,298449
1JEEMFboS5Gnon8coTodUQJstnrpss1wNY,0.,1,298449
1LSGDqzVTuxNpD9khB3gdqa6wp8mgKJKJS,0.,1,298449
1Nk3CETPjKSEcHuvhSRTZBayRxW6U7dmXP,0.,1,298449
1HbMsMe6UzTHM4wVBM4UFSu2NkxKVwn24Z,0.,1,298448
1MBxWH5odeYTtU4PMhFs6GzKgUwbexKTPf,0.,1,298448
14PYH3SM4HpiN3SYfW7J2WP9z8rCkuTeKP,0.,1,298444
1FTjGgDqcBez8kVSESchpqJJe2GfRBW27e,0.,1,298444
1GrQJ346mUdwELaxx6SBtBidKbCd8NuBWA,0.,1,298444
1K1jhAJfz7wmKdm5KRP6aX9CXAFkFP9mxM,0.,1,298441
1PPJGTt29nw5tKa68rxn77BmhG2SE7xvRz,0.,1,298441
148Y6DnmBCWofiNmSsCxJYKJLYo71DP5AG,0.,1,298438
17Yo6oTioQwQmf6AFAAJbmcwTxKjXBmuXn,0.,1,298438
19CLpHhC4dicLUWtabEuj8ey2jSCPuqUip,0.,1,298438
1AnfWttwg25gRJGTw1wbVQTLjfGErbNNiA,0.,1,298438
1Jv8fUCU4Hopt6Y1mQwzFYRNNFv5jjdrpr,0.,1,298438
168zRcLnXSr7CFPDzuZrNrNMtmw6qvGtJs,0.,1,298437
1AVGVLFkPHqHYZxQKCTvfx64xivSCu7FGB,0.,1,298437
1J5XTYpeSmWTsDDC6KxL2i1kokWQss9bh6,0.,1,298437
1rTMLbLAmZVHPvhRjdw1gKvxr2P7hYeH8,0.,1,298437
19bDKXLJFC84wTcpga37XRLTsy2U4zGKpw,0.,1,298436
1BKHkeAQqCgqfxewghwKjy6Y2VGbQp8CqL,0.,1,298436
1NedEvefWDb6GQjq2r7Q69Qt5R4F9VbcK1,0.,1,298436
177ntzVKx6VjDsVzQvmuwKKedKvP4bUTky,0.,1,298434
1D9QD3D15MBnwHZh5JWTawJtSqYSM1qFBt,0.,1,298434
1EyC8S6yNpcJCso7jmozqL8ecuvJuHsaK1,0.,1,298434
1F3QVHcLX4C6j1EvXym3SDcrJgvKN4MXdf,0.,1,298434
1JyQBY87p8gkmRHDMBfjv14Kr57Tj34rC3,0.,1,298434
1JEfVkDUSQV9yUavBhNrgmkFvkcyKvmpNv,0.,1,298432
1LXdVGxr2AhxXnhpPMJ1uMK5va8qzXmoRX,0.,1,298432
1Pq36avwuqow3YyEPcQhzscxKmRNNuwUBK,0.,1,298432
19Uo6AzTaC7u3NkEL1qseDoPgAyDqDyZHN,0.,1,298428
1Cj34VMtA1kgZth6ySH8JyCoBPB5XeBszK,0.,1,298428
1PbNpUsR2ByM8YyBd6L22S5wu5MqMRanvY,0.,1,298428
13MRRs9tBzvikmrfPEHAqqKZeEJ3jC1Ny3,0.,1,298427
13t1oeqRH59kHKT1itfT2cxy9aEyhF6SKW,0.,1,298427
18UoqAuVP1MisfYJerjRvRmncKeq7zmm6a,0.,1,298427
1FrcixoF8T1h3RSrGWCXegpQLSzp1xGRB1,0.,1,298427
