1MAPKGAY68ki1ydcMLh8EtYRHti59PRcXC,0.,1,298005
1PTQRktzZ951yZVwpDMMR4CdZmARQNoNBE,0.,1,298005
1NB1kGKwWKP4VkoCRivXZWtZkVXW1QsNRq,0.,1,297998
15GTL6kU34Ma5y79XA3ycse767AoUcaGgY,0.,1,297992
1DF5A14TaCFmGiPEPetEDv6Xf3H3Vt64QY,0.,1,297992
1Dhb6SfxadLhiMs6ewW7FUU5kdBECVC6RW,0.,1,297992
1LUY8vkWUBbuA1WQVkeP9UEqAtnKY6upzh,0.,1,297992
16ZG9EeHA4hFjKaEbp1jKRc5ZYNBThe6z8,0.,1,297989
19n733Np2smLvZCLCnTsFcoFULgoxqJSDi,0.,1,297989
1DzyhxGFjxPHzLrNjkDHUBweaaZ9TXnNrZ,0.,1,297989
1EQcKRo33zi6xVyPkRRb1syX7LHi8AUAXD,0.,1,297989
1GjEqaJJGzBGib22CHpNGtEKY4h9Nb4hsh,0.,1,297989
1AyQgH2HV5wGDtwC768QpxJu29J3QCB5Lf,0.,1,297986
1CFgwATGHWYTZmukFLJMGaSaMpHj5F5KzV,0.,1,297986
1MsSpUDDgba6WsU1p3wMVKWjEPNYZQrVUW,0.,1,297986
1AntX5i9xCfUgKZVW3FtbMbgxrzynAGx1m,0.,1,297985
1BMwYDZ4yD9JuXZ4Gg4Useg5jB423aKtw8,0.,1,297985
1P27WPbt7pnKWibRDEncDD8JWwhHutxiqw,0.,1,297985
17sGt9da3jiLAoas5stY4shf2uEwpQGCww,0.,1,297978
1NgfDFuHpAhGdDqApMnGHdRmNmaESJfC1L,0.,1,297978
156B8roToa1uo996tLaSt5yfurbuFeePLF,0.,1,297974
1CQNL3PGVqnhmZVNV9rXV3wVr4e1YKenPw,0.,1,297974
19SwQszWcUEsRYQEWYyeGF4LpWcp1J5w4D,0.,1,297972
1JK1YXZJKZhTHnvnsmNbHZWkegKZiw5hmH,0.,1,297972
12xZqmDUPY1fU2MWE8GuCxnCuRoSjkWEUN,0.,1,297968
19pwU8yvTGtyLbmjrd9FdXnzM7w8Uhi4Ea,0.,1,297968
1CLpGpB4YJ2ESygvMDAgoLmr2MancJ4tup,0.,1,297968
1LufUZbtfqRhBgquirgFzVLSrLrEUP6bby,0.,1,297968
1FjZFVBUoajPFfi1BHJyqSEeSFxAG9RHws,0.,1,297964
1JoDtkkxLQFMhnr2tcfyMNNtZA65pw3kk1,0.,1,297964
1McHrvJC2DKcvwLP2ig3omjhSmioeQhrbr,0.,1,297964
19BANQj3Vqk8Jmeo8t4PRAD3FfrY9Agqbh,0.,1,297962
14LVKFMzU2zS4mepceBAdsNUVdZMUX5VFr,0.,1,297959
199xwxChmEuCjcxgAQM46z6bqkEH4KtbGG,0.,1,297957
1KdCsfuBJmtwJWttSXgRz9cgBijRrjXSry,0.,1,297957
1kCmkE7ZSjBhBnb5aYoKDp5qSakWPUZ2t,0.,1,297957
1Fn6r9AiiM8oGXuaajLcGBLC7EW96DqBeb,0.,1,297955
1Pbfiz9G6x4v4j3A32t3Zo9PnoW6V5zkVW,0.,1,297955
198LEDiNj7QXjLwFsNVFfJxS3YjaEUB6ZA,0.,1,297952
13eGqK2PmH7UZD2wjAb4q4fy2Sd7N441pq,0.,1,297946
1BsjHHbV3iSUdvUq84jc3yh7tZxVEi6xFL,0.,1,297946
1NmGAVfBumJBDr2yugtwThSM9VFSMHyCsh,0.,1,297946
1BRBf2SPyq41pURwSVzUt4vbVBVmL3X4Hw,0.,1,297941
1GkmBX918xnunSksvSv5NDtFPSv3z6UQEM,0.,1,297941
1NU8HSgBV2ZKZuRGaDCaFSVHeD4y1WF2jU,0.,1,297941
19EJz2itsRUg95n3kTBJzFqwq5437eaoSt,0.,1,297938
1FLuqNWFqeaDJwqbR4HijCqmqRrazdEQci,0.,1,297938
1KoQK8TNE6u9rBDjqdSGMHrE94n6rUnDU9,0.,1,297938
1NeqYLFHFXfhwwYmAwdVZ4JjhB3N7bTjXT,0.,1,297938
1MhMQuDoBhoXouJnPW16wZDGmfCNcP8Zg2,0.,1,297936
15UtNVjgcr125yeJ7CoSQCvCA8N6V48mvd,0.,1,297930
1MzzpBwSeW5nuVsLdoGHBeDmydcWvZReKu,0.,1,297930
16rAWqPaQLYe82cs6QezJTKwEERG8U1mq8,0.,1,297929
17jWKPd1zHRcWjiUqdJfTqQPPbHCGRYA61,0.,1,297929
1EzSQdRzf9cvgCsCcnuH75KXJUK4sXdmRE,0.,1,297929
1JmYsDjRcHzA8hipy39qNuNDMPhDSgZhJz,0.,1,297929
1HVTnByVQznGECmoDMtWZcsXbDN4z3zvbv,0.,1,297927
1Hp77vMb2RfPxf2Cu6o7Zzmf8gDxd5wFcW,0.,1,297927
1EtAxZdMRpJmSxvck5szHodqEC39cMHg2z,0.,1,297925
1P3wPcxzu8mNusFE3XpFqQ8PvFS4Q93cky,0.,1,297925
1HavE6UU6DPtTtgeABtZSSCMomkD4c8H6k,0.,1,297923
1MgG8MFPQ78jaoGnWrDTUH5jHQDBAc8MB5,0.,1,297923
1127AXKoBQgLazKt6ccbjBRudGevJ4ER9N,0.,1,297917
17xmssTM5wTKtvzLAryKSDGqVsq87Ge2Ja,0.,1,297917
1DHJL2W4TatyvhyVxsZNcAUnaFLitYXe4n,0.,1,297917
1PKc5e1yPy2BntJxN5GrtxGLUJQb7RLuub,0.,1,297917
1TSfgaTjxyUrH1jKnZhj5MfrySaAkdRo9,0.,1,297917
172iqKKHrhPJsL7h62DW38H95BKMZ2Pk64,0.,1,297913
15tMmmo8Y2fK6AxxGCxKZKN1C5yfrCf534,0.,1,297912
193n1Qaq9D536ywWNoV2QLNzYJQ9nzK8xo,0.,1,297909
1HNCgydLecJVQhwNo17GNemRBPqF6B6JVd,0.,1,297909
1JzBPWgumbLeSwRKNoEPsw9vCqnBK54GBw,0.,1,297909
1LD7VRVZtMR3Mo1cVb3bF2u2pkfyTyJcyc,0.,1,297909
1GHu45ADxT8JvwpGDbNeST6Gzt5TEWkS8x,0.,1,297905
1EcBMj2egR4nNHudTpTTH3EpqXqSjk1gRT,0.,1,297901
1HVpePmej5F5QjY8y6Fj5MAjyy3gUHa6q2,0.,1,297901
18CDRRXAfhXZ1iWqdEQSwA2UnsxKsttZGe,0.,1,297899
1BjEonpsa5tfjUcGDsts6WebkwxVv1qk8i,0.,1,297899
1EMA2brhFMm3tptVNQYkzx7gC1WPwMjerP,0.,1,297899
1Pp2nALAKueGK3kSUzhRES27AJY5NMG6wc,0.,1,297899
13QUhjABD9xEXVFsb9iguxNQjaLUBVwxpA,0.,1,297894
1LAhXHo7Ewrq82dfyNDL4Nza81xqmYQfKm,0.,1,297894
1Eow9wG8LTnYjpLqVpysQcTDV4ypNpEaE4,0.,1,297890
1HkhZMVGTmAryiED1E8BpNeSaekAiW1kxF,0.,1,297890
16j4PUaE9Kvta8yNYCv51Tj1PisNzy6GkU,0.,1,297886
1LYeBMa6fmmTVwpiC173iz6TboBB9mSKQb,0.,1,297886
1MM7bTp2HtjzxJERnAncRCzyBHbx717RC5,0.,1,297886
12aqz41hcmf6GEaCyEs4eg4WLMemSPegQj,0.,1,297874
17ehtmo35DhF1QQq6jQTg6ghiytE3M5WUn,0.,1,297874
1DSpxZyTiHk6MykSh4CHbYaAeq7cZLe28B,0.,1,297874
1HVDVYLUMSCB1k2vZkU8krAoSgyK8hra7R,0.,1,297874
1LNF1VDQbZ2Ue79oehGjzJo61ErLQr88Tg,0.,1,297874
1Nc6ByrhrCx1gZ5zFJm4GDY2d5kyCB1ke7,0.,1,297874
1ZbgWSKeUVmKUDFyKVmBcK2Z4KFmkEF6j,0.,1,297869
156Le2CVsHnuArEkh5XH75WxunDjMqNT8d,0.,1,297866
17ZKwgsdxGbnwU628QLFbwRDYn7GhypWWR,0.,1,297864
1G9XzG5ABZtzHikmWqsj94S8TH6iuLtGYs,0.,1,297864
1LwH7LQ6q9bsLcJCnoFon3WtbVs7DBQT7z,0.,1,297864
13xb1tgrgsgvMnGQt3LS2vg9AsNyPbMmuz,0.,1,297858
14KN67nudkrET5FJcYCjzKSJAzGQ5JmbE9,0.,1,297858
