19EBMRYru9DuTTqz7oDhtNsgpucY1aZJpG,0.,1,312889
1F3DQ2Hj5bJpD5e9EtuS1gKUV1en2Aj1Fg,0.,1,312889
1FSkrvy83dPgzEVjQd67eszmXn4jywD5ep,0.,1,312889
1JGi9swWK4wxU1uZ4GHt6QjrTTtEpW2YY1,0.,1,312888
1HbnkbUAgzxMTVCGR5vfsQRjdSXDEsJien,0.,1,312883
12kHSihCRgDisNgAnrHDc1uHxcV8JDyF9U,0.,1,312880
1812kWuYtX6gq2ZNZDcgvdRok7yboKr8fB,0.,1,312880
1EcAy9w4vMLbEVexBPf3Bsh11Kc8PUYQuU,0.,1,312880
1FJHDeVxos5kbdidCZxDJLJpqbaRZp2QAh,0.,1,312880
1P1BVwcfN7BQWTrz1ER9jXRy7UcEtnR1GZ,0.,1,312880
1SLCXojqdauHsPSEqwppwFNJz2wJ3XjvL,0.,1,312880
13gK7xXKVyb2Ei2vQ5oiE17gFzoBkoLckx,0.,1,312879
158KzvkXf86tNY3LhP6LTrZtoE6cDykP6q,0.,1,312879
17fdtzsHxFsToiBy9coUgPBkYjFm1qCWe5,0.,1,312879
1MAbThDDgC32ztHadxhZ7cKEwUDdXzk4ju,0.,1,312879
15DF1BZaZRoaHA7b2Q1az4eaMKDGMQRB8Z,0.,1,312878
19PRm2TnbZrU2EiQeXh1eZy1fBC5n1WfC4,0.,1,312878
1EfmbWV2GvMRPHDUWAtsjaPkDQ1pTM685v,0.,1,312871
1Q6VHqMhH4yTo3h8pp2rzbengDYnBdpAKU,0.,1,312871
1GwaFMzrxE31Cemu4y2yyBXnWCAxZZuZQp,0.,1,312870
1FWvHqzhPv6wof2t61qwE3vtDPYYjjRFgj,0.,1,312865
1LZLBqdo4JMEWGyW9vyV3XzEgeG2y4C77Z,0.,1,312865
19TZC2qaCoL9MDyKTtTW6ffjZk1MZZfiXa,0.,1,312863
1NY4RxCa9zeaPKdGn7kjYRaQmeycfRisck,0.,1,312863
1AJmcr7rty7PNThAYDyy6d5GoAnRezULA7,0.,1,312858
1JCe2ZkWQbWJbZBbbCZdRVFjR98NEarcMM,0.,1,312858
1PXjS2dvCfAxAkP6BxX1HwGyJJVxzpXpcq,0.,1,312855
1BoQ24eAUvhCYu5cvUiJDncSJEvr1uLFXL,0.,1,312854
1FYquwZvMiTDoGZxMyhU7B6arrrFcSM2HN,0.,1,312854
1JnXLH8ng6YccKmtupY8YwfVav7zGZGxTQ,0.,1,312854
1LJTDnPRXsmsuWZnXqmypPBf6vFVxNfw5x,0.,1,312851
1Dp2rdhZtPWp2rmBNpw3XKGCQTEu7vUvNq,0.,1,312849
1KYLT4vwEwRuGZHvrrVgzpWFE5LfDe6uHb,0.,1,312849
1PRSLDy5bq1ErSUQnRxAMT4BycYKDsx1un,0.,1,312849
129HSoYQc1c1T3hdvCRFLQypbzrJi43Jpn,0.,1,312844
13S2FNisqrBV2uDncCPiddVMBaCBsY86bm,0.,1,312844
1EUPdRTwpbro93RZ971qQUMP82NptJVvUE,0.,1,312844
1JJCSxwuAoev4zJ6XmtWazzc28N6Vvyvgk,0.,1,312844
1BkyFp9vhQrB8U5EJdYtn9Y4WMNimLCzbM,0.,1,312841
1DJ3hyHRaZDwexSpqkKX4EySFY8H1otE8i,0.,1,312841
1CeLa8SfE6hXhEDUjup5CvFC7KSRqwxin8,0.,1,312835
1EhJXLuVbRguiDXfpCyUHTgYi4iMMrwHvV,0.,1,312834
1H6TAHfUkeYCMHii64EJd9eSGwvFSozPqA,0.,1,312832
1MHcy5qK6MP7zhbeC5Zr6DRxj67CEbUHxG,0.,1,312832
148gdyVZrVynZ8EVkmEmU2YiNVjGyJSD16,0.,1,312829
14TqzRoKsFkhcRVogBUdqgXjz1SArC9tN5,0.,1,312829
17GDriY6hBXdVgik1xCctSnC7NqrNaEk5k,0.,1,312829
1ME6B2PfDgVdJZ7xGVtYCqSR9bnqu7FUdz,0.,1,312829
1MaVGTTFW7JyJkvLWzn4D2igqcVczeY4NY,0.,1,312829
19C11PrJJn6CBnUU3k8VYoG8U4NJwDSFXs,0.,1,312826
1AB9Ug3wzRX7GUt79UAmrDUEUT63MjYhNv,0.,1,312826
16w27akEuGtrdWwfthEmyi44FqZPWGuqE9,0.,1,312820
1Cbq6guLx3bGG28wEU4iAdiLeTcNuK7FXF,0.,1,312820
1H9PskUQ59BWHQGCpwN2CEYmUkm6KUbDN3,0.,1,312820
1KSvRuK9oZRW6wkgr5bzkrkJ2oVAF3aPoj,0.,1,312820
1QHeGWDaNmHq4pjfcJSMdmxw4wYuGT1q3T,0.,1,312820
1DC8BjZWB29E11KbhQEqfkQfjVXcdscC6r,0.,1,312813
1F6mQw9FHm8xmhdi9wT2Dz84jhV4vYM9xx,0.,1,312813
16eMBrF12CvXK49EKj4TBaLEvnFBScXhwr,0.,1,312806
1AJbnm6h9Vfmx9EtP6zSk9d1dGohjMVWRQ,0.,1,312806
1AsQD3ZmtsPsrPhxaebchYdJgb1UBMK9DM,0.,1,312806
1BvPWiTdm3JvVckov4mWv8kJ8bDpvuMm23,0.,1,312806
1F98veEgRNofAvPquuFUGyHBRAeyJREyyb,0.,1,312806
1La35j8JDwc3TKpfNw1ysC5Zgp5iTx8gpo,0.,1,312806
1LbUqRPse7LdMbYQGZz1X929qNWUqccrdb,0.,1,312806
1EXyx451h33DQgBXdVtP86u9kmoa6NeSVK,0.,1,312801
1JTFzXThnyXc4hDKpWt8bP4FfhT32a3Ave,0.,1,312801
1JjCWbBDF3NdXHBj2Hm1rPJFPCEK58meuj,0.,1,312801
1Q1MN6HYtWtfEa5AsLSisHtLEWrece4LcV,0.,1,312801
1GgiMhxvkVgzDfNrkmtppoRCr7fz8ZYUs9,0.,1,312800
1AMa4MJiEvM8kCq8sERDEXGCrvGXiyHDYs,0.,1,312799
1GqsN3vUQn8unacDfpQU2uKBojo497224z,0.,1,312799
1K63Wedy7CwStik6wqLH9nhWBSe4aYh2Yw,0.,1,312799
1MthMyV4JeU61HEMxEZVNg2DVUX7ZJMdQ4,0.,1,312798
133Sv94Hfbv7vreWQ6AL9rdrtCH8fqLmep,0.,1,312790
1C6y4WYMZmQtBWHdzo6pgvRAky1ezhPSWW,0.,1,312790
184JpKTEeXTBbP1wUz3CLKardHxksDM37F,0.,1,312787
1DTM2tiBGQ4tsE7oxbSTCYq4EcBVcMd79T,0.,1,312787
1JGsV2YEF1VHmkkfVVBonQ5YnYYPzLeUuJ,0.,1,312787
13zjgHHMe6L6jH8vzoMy3rvnqwKynLkg51,0.,1,312772
196Z1KCwCckWWqqQXnKuTL2zSmDErvBNhT,0.,1,312772
19gdwE1XRfWMo11To2rQGnWDxgHDdLNAL9,0.,1,312772
1AtotshiL967iYiS8fwXV6erKccMfwo2Bq,0.,1,312772
1BpPG8VCvnTCXvQYAKdvoJxbNNKJicav8w,0.,1,312772
1GqePEDYpGkMy1wTw73Bv1ouHdC6N785J6,0.,1,312772
1zPdX74uUoTdyVzpoDgPPk3TCFXHMppZP,0.,1,312772
1FmaoejzkB2cs5tj3ePVTBE7dyBizqbz7G,0.,1,312769
1H1FLho3agHn4VcpHPaQo5kAZy4KA3gU9N,0.,1,312768
12d4VFrNyasufeSVWtU6LiBW3ZiWP9WFfv,0.,1,312762
1DbBDnqEVMSHdAoK5jMced32GUTYwaxKqA,0.,1,312762
1EftzfGKZn56LFzucyyXuzCkqohczuuTN6,0.,1,312762
12ePD3hD1tWXSYgtcuCdmSUTsieBebUSUo,0.,1,312759
1Mqv3FtkQRTKPvka4XY7Qu1xfZSxFAB45G,0.,1,312759
1Q13nfdSVS4n3uZjhgfkHG7R42V2fS8re2,0.,1,312759
1NdCUfQfr9R6TGFUQjJAyMjsK4NaEc81eC,0.,1,312754
14EDNuwmc618zjND9ULsMyYtfxF7pP225F,0.,1,312749
15qNbF4pvCpBQE1TccKLZ8GrjY6wJa3xFj,0.,1,312749
1CmjwFWFxQWuaxrmzQFYUFPjLXPviM2ehi,0.,1,312749
1N8jsxtgbKHKrzKPZJQbzH2ptfdNSSJqUy,0.,1,312749
12YE2NUs5bYYgu4RaCvqYQtwpwBY3Xsifm,0.,1,312747
