3NgQCnSvQ5dWMs8g5qypR6rQD9pGcv2tEf,0.,1,535089
1PQ9L92rA92FWFSTYymHsUWGsjQknWu9aC,0.,1,535079
1Pq9BFE3wnG7U3sYEZJV8Mb5rVeF4rgbcK,0.,1,535079
3L2fybrqKfC6wjT9Dp7uZQ9ZNiFRnXxZGD,0.,1,535079
1Pq9AG7XsrSBvSsACVxRTTvZxLRHv5HiU5,0.,1,535072
1Pq9ekZQKwVAdodsd1oABhq9bo446i3j7W,0.,1,535068
392iTzGsCFmDyQBasJpxmPAtLXgBimNGY3,0.,1,535068
1HjMJaLAk9XL3zG56e7C5W3HKchLLt9cDt,0.,1,535058
1Pq3aUHLWxxWg7tnmMWNW1D5X9vHvrRQAA,0.,1,535058
1Pq7r6Tyx9kWEQ6cg4thv3vv83wLe1QqTc,0.,1,535058
1pQ8bpD2V3N9h5LqGXRKgnmjDqCs6HQa9,0.,1,535058
3FeS4Q2GSezzapMPg2Muj7yvryNvgb2R7p,0.,1,535058
3GFUoLeKb3aD99BThDDSPG1356XEQ67Ckf,0.,1,535058
1Ppqj9929EZLgAEyqPE7L519cHW7qycpwu,0.,1,535045
39qfKwGdwUzin1oWuAaSAyQMrH3geCd5MP,0.,1,535045
3NQDkY2GL7Zujt2AEP9gryk6od3g1P1GDq,0.,1,535045
3E8Ta1XrF9ijdgx6wdRVvnUCsbBGng8xNi,0.,1,535038
1PQ8b6EhahzCPL495gqR5DpmxNvRzAXuWv,0.,1,535030
1pQ7pZ6pSj2MeAstQ8nSC23auGM8fqwz6,0.,1,535030
32EDp9PFFKR76qhaqx5XzRj5DhagDq7MmZ,0.,1,535026
3MoqqGxUaBTa9bBRL4xDi3FN8qmBVLR64w,0.,1,535026
1FdRyExny8ma5o8AntqF2oLTvmkCz5dLwq,0.,1,535022
1PPYVwj86VX6bhsPHTXmhkQz21oPh9FwDD,0.,1,535022
36ip2DUXTiL3qui44p84zZqTBbPgNQyWsg,0.,1,535022
3DSMD8sHf5it2EiQUpU88vyR9yZRxdeXPL,0.,1,535022
3A966NMNxE8hoyNW99NnhCxRjCyqrwZBp1,0.,1,535017
3Lq3mMNLWoJSbe8H6aQsY8Nb4cfTGcyjv3,0.,1,535017
34tuAWD7mPGNfDsHN6dEob5B2A61tkau5n,0.,1,535008
3JQxQJrXKfCPyoGhPTTW5anUwhLsLEumaa,0.,1,535008
3Kqxbs1JhY1Wb2S3WhjhndivzLhsPSuhLo,0.,1,535008
1PQ4tjtf24Mb497NGRj4DBMkj9mGgPFXx6,0.,1,535004
1Pq4Jg2XeVApEEU52g1J3tbBPTHx7xunBe,0.,1,535004
3NuvT381V6uTWA1GxvDKBwf9dFVA2s8Hv7,0.,1,535004
15yrEabiJWoMokwD68GCyWBQg3PUpzGDqW,0.,1,534991
1PQ3xmwNZaUH2oT8H483mD7d2A2bFxpL2H,0.,1,534991
321ihhWxshT5CYNZrDKCysktcGDg3quTU3,0.,1,534991
33D45WpXHZhioMC1mmT2Y5NNCjAtcSGYrp,0.,1,534991
36DPDPD1QLgLGoMcBLkFEEyDoaesw8ovVS,0.,1,534991
385BQ2zjc8Mxk6kbib884HA3R17MQt3f9w,0.,1,534991
3Ain36uBcohNmsiZQXYwBeBTvikzSi9NDn,0.,1,534991
34aKj5uvK42JUXmYT2aj6YKG1Csenksenv,0.,1,534989
35KyiykLXBGBsQtu9FSw77inBNBLPxgf7n,0.,1,534989
1PQ2isPNon5e2m2wfC2UYgrKhL4mqjgfq8,0.,1,534982
1PQ3fvAkdi1bN3FK6iCcnGBrDyPUu3B453,0.,1,534982
1PQ47t5TaLCvD4Wx7LjMBP6d7QF5P4eS9C,0.,1,534982
1PpRnTFKKNYY5QyFCwnurMyW6and6LU3mJ,0.,1,534980
3DSG18GNzwpd531EpNVWD6PjF7vHUVq7TJ,0.,1,534979
3PwafJsM3WkxdzJ3gUe5B3F59cDvYNVbJd,0.,1,534968
3B9ikk3YNiK6M4tkFacmgfEoKbRsxQqeJ1,0.,1,534955
3KdP6k5Wqs6StvE8smX7vCs4T3EufHiZc1,0.,1,534955
32ofYkvyGvn2CsFUxmjyT7pJX7xMTpsDVN,0.,1,534954
36wczc4cWH4sbXfA8tAvkts5n3kNoc22UM,0.,1,534954
34aWPHteeAp6ttfToKMKZwm1Jqm3sbdUR4,0.,1,534946
3Kzzhezj1AYEHNoyiYWmAgBbScAvFj3Uov,0.,1,534946
18EjVhCzyAWgzhzndHnCLkRsZD5pXkaTBi,0.,1,534938
1PPzvonkynE3FyaSC8BRmgH2RwVUEoZszq,0.,1,534938
1PpzU6Ri7exdh91ktyh5YYq6RLYpH5QhEq,0.,1,534928
3HdQ37ThAdCBnycUiGGPt3q8sSanwD9dUm,0.,1,534928
1La8drFjzNkzCmJTbiLmwDhxs94qi3gZKR,0.,1,534911
1PpZPhiAneNzsBw3ypy8acGnCi377URnNb,0.,1,534911
1PpZSq6QuJr6WacbAGQPPUsjf2w7c9rbv4,0.,1,534911
32YqLrxQPN1MMJafUrCZWBwayETTUjyTKq,0.,1,534911
3Mj6fnQzZy13FQzPPeCTVy15V7FAd7o5bt,0.,1,534911
1PpzEuDJmSiy6UsSQXXPWeaqNfp2ki7MmH,0.,1,534904
3DG3QDgDMRzegHNwgRfsxJXMgriHFr4gZ5,0.,1,534902
3ETELqYDHFx8QMHLDrugkvHgXCjrfZ8aQg,0.,1,534902
31zvF2qwyyRnURj7wm8nHGhjaTcKMd8hYr,0.,1,534892
36TWmnR6HwtRUiJAS8aRpVa4vvzrxyBvN4,0.,1,534892
3M7j7HjFvshdJMNg2dDYcCVp3JYSzHEPsg,0.,1,534892
1H8hQVZNdHmgKRkaPjug5m4MdSJxmLUw1Z,0.,1,534887
1PPYsvQQR691aWaxCgxXSvihucnv9WeybF,0.,1,534887
3K6KxREoo1JWbxuR8CygmoBVF2NjUiW1SJ,0.,1,534887
18FjZhntUkPKCViCvMwew7h1VkivNwPZK,0.,1,534883
1PPVBzY1vRJWXAMtgM8ePHtyjHy4V3a2ex,0.,1,534883
1PPyN9ugm5U31F81gHeMyWZjLyat4f5aud,0.,1,534883
1PpYLBrTMR3jc2pj1PmSmuhQCH6Q8b8KSM,0.,1,534883
1PppY1VYc6Yjq78JVptziy3kSrPyVA2M9e,0.,1,534883
35gDQ9jiQ65hNBt4MNrPe4wxuk1UCg562r,0.,1,534883
3Er4N81CWAd2e6AU9htNHjrKnHi431mEPs,0.,1,534883
1PPY7NDpQHVk6dSb9vAvadJpYbsEcWy2pn,0.,1,534868
1PPv9yDgBUQmCs9VXwS4udC26usDjBAvP9,0.,1,534868
1PPy7kEXixbRiyvo1aFhNxAsfXoZXsKK9e,0.,1,534868
35vhhxQFz2sgcP3eV1q1ZXyBDMg9aNrfBH,0.,1,534868
36Ri8MeJZyP9gcsT9bCnsRuL7zk5UQZFcR,0.,1,534868
3LGE65dH6BK9hdoQNxc3ajUwp9iGGRGKrt,0.,1,534868
1PpTkJwTUbsBmbFH1F2QzKhUJPQtrhZdE1,0.,1,534860
1PpxZ2e5eS2oQ3jwiLohB39KdeSWpPiZHG,0.,1,534860
1PpxbyqG9652Yy7LXmsoVxnwkVFK2riZhY,0.,1,534860
38fX7GuQyqgF1HMi4FVddCbr69AcX3VtPt,0.,1,534860
3Afrci9xVpT8XQRPMyXq3Yj2h4RsPQaAWD,0.,1,534857
1PPxbNikWWcYevRJZRSrtdcSoLXpzsM76Y,0.,1,534841
33gnr4Va8yx7QcfnAvnuvyAh4Z1e8tYvc2,0.,1,534841
3EG37siiqu9BmHCtadjJsb7fRjK5QZ85KX,0.,1,534841
16D4WexyLTJBBdeEU1MPoP7GXZeqbwetGK,0.,1,534835
1PPWicSJKD7iwohgMAPqELW91mdZEuftzU,0.,1,534835
34aFVGM5jZm72GERCtegvrLmpmytERJfbM,0.,1,534835
1KnqFEK9hud8yY3PK1rv9LcshjkMGkUoX8,0.,1,534833
1PpX2xsdgkHa6z9B2xC8j1rRs7c63HxXyr,0.,1,534833
1PpqxSEAUWMdWDsHbK6aR9zzXDRGmeDHNe,0.,1,534833
3JyzHZqb72cZww3hs12M75NqqztGbh2JgV,0.,1,534833
