16jQYKDcepzt3LuBViRJFatKKA7Fd6gnbP,0.,1,425371
18QYpAN3Psxq7Bpsjg5HeKa6x1Efc9ybA6,0.,1,425371
1DDrtVeQtVQzdtdLcZnxgYkdMA6D4q2UjD,0.,1,425371
1L56qG7M8vRytyGLpVBeSEPoy1a97qoa8H,0.,1,425371
1MM1NRdBDqPtuW87yK6jerBvLThZiLW3B5,0.,1,425371
13go1sqKGDmfBsgFc9phZQrVRWhLYB38QY,0.,1,425369
147JKLS471BEnUf5r2DdjFtC1wt84i523n,0.,1,425369
1377ajxD5K94RR95uULWDcjPPfZxci8YYX,0.,1,425363
1FSzw7pfNZfmHMJAR1ZYgoxUH9EMuW8KhH,0.,1,425363
1Mm4wfEuvdQ1G3ZmgnPZs5zFG5BiD2f91B,0.,1,425363
13VHpe1iwjbRzoiyv1AFWxRuLYHKrH2D4S,0.,1,425360
1JSZdAsJkcey6nX9JVFbqemr4Vv6JCgPfX,0.,1,425360
1GwukCjWXtXiiitxeyxkPcw3SXsTuT6TPm,0.,1,425355
173GPwUQ8H4FU8s6nidNJST2xHQVPuYeP9,0.,1,425351
19Aue8kq9oa1gEjKKrfB7pzpg1oXH2E4ok,0.,1,425351
19hEk4M5ssAKAYowyd3YXinqxZvrKQmHEa,0.,1,425351
1AHHKCADEFPrKVU6iUKhHnaQaTuqEWhAoG,0.,1,425351
1DYhjghVaBF5scfa6mLDjev8wdmfuxCvMj,0.,1,425351
1E2Z5r8EQJNiYbntLMSxsomUQsBqjYoHuR,0.,1,425351
1P9prMhNZFE5cHQDcx1QtkhfwxG5tcXXG8,0.,1,425351
1LWm5GEPeBqxhfggawGPYKN2Uatsx7RoLb,0.,1,425347
1Ed2ZUxqTnw8q9Y8m1oVquvAbkBNYf59zy,0.,1,425331
1NsL8b8ixqxysp7yqDPZ5MHFf2RzsDp2CE,0.,1,425331
1DFrC67BeJYmd5dsmmD9obp2ghMMV3Zoff,0.,1,425324
15pQ5SQegdCdWuCjjkfsnoceoponeYemqS,0.,1,425320
1KypUTf3TXaa6Gw7Jcv3ganFBap3Dzwpfz,0.,1,425320
1PmVCVQ3wxYwaRM3c6P29NWzPwZJcx9tux,0.,1,425317
17HgSSGEYbLc21RB2vvLJw9eEei1qw3Wka,0.,1,425313
1J8UeiUXycuPdTebkKj5kPzpc2TFXrS6hR,0.,1,425313
1MRA3k1nJYoRSeBwqBiYXTBDBn7pRYuuz5,0.,1,425313
1PVs37eYPvRYCrSpurQQnNjYZj4F6vQVQT,0.,1,425313
13w4uRD6iMN6XQaXZ4Zavn1aSBLDCN71zi,0.,1,425312
14Hy8wRskDmfzAZ35NHESJs72Su6RUaHji,0.,1,425312
14WVyrDG53B4z5oNcr53B9AFfYrtFURku4,0.,1,425308
1EJwq7uJByLuscMySVCUHhd4sm7NHVBJrA,0.,1,425308
1P21KeuXszD2iMkSQYcg8kChMDGMi4kFJB,0.,1,425308
1vCtr2aaWJeSHi96iK7UBMsARABtAGm3j,0.,1,425300
134qZWQMy4mdmk4QJu5HFAwJx3CzDQvJng,0.,1,425296
1B8Qz61aoccZVCAj39CnV4AyeZo17EqnJy,0.,1,425296
1EJsYsUyq59UqBZTGs9nhAFpdG2TqLoi6u,0.,1,425296
15sRHyhfQbMZmut8kq4nD2eermPDLGDFhD,0.,1,425291
1CbicMsLgzr24tbUgmBH1TKamvytWuQaCs,0.,1,425291
13hUBQSL9eQfnHcFk68AaCB3DXLAxX1Noa,0.,1,425285
1Mi4LZrkJkvxitjeYitPBWSu6wVCvdJ3Td,0.,1,425285
173jKxrZXz2f5v37ydxQmUXqxBsxcrEoMy,0.,1,425281
1AByZUnozgDPfKzVvEpRvyy9xa3MDzPk8G,0.,1,425281
1BVoHvRmeYDLbAgxEW23EULmUMu8i9yQhr,0.,1,425276
16qjgKAcso1HBiRrPKdtNeDj7PxZFtJYcw,0.,1,425270
1Hkq2ncGKSQLDRtQphFQFAThMtui7vYiCw,0.,1,425270
144wf3DRdnUQp5vGqiVwCCRmXnDZodM739,0.,1,425262
16srZz78Y4kVTL5QsiFEJpcPA6xeWfug3,0.,1,425262
1GBBE3rpE7EGh4Mi3GanXn4WguqMy1FfWc,0.,1,425262
1JsqFmQvbhPMS6UEWyTBhs1UkUoF3P7w91,0.,1,425262
15zvPYmnQPEmizjcevrGP6CRjJw3PFgFfN,0.,1,425257
17VMQNVAg3cvRMQaHLn5jy2yFPPCXW7kSQ,0.,1,425257
1PTmMtaephg5fmYWN22KX34aQYpGvg8anL,0.,1,425257
1MRwA4CPnurjKi3gczd6xpUkRK3bwDjdia,0.,1,425253
18GJ2eTkx3qsSwGDHf3H2kt5Zkdpmp7rdn,0.,1,425248
1AYWVE1Yn29EAjVrLDWsZFm6r3fPpF6soo,0.,1,425248
12BA6xPURNrehNKxQFngsMZNj4gqrqJ9Fa,0.,1,425241
17WUS5RdNwfYBkCH5K5Hj5r3v5mkyA6asz,0.,1,425241
1BUePq3ZLqziyn3g5V5m39omm8rd8fAtTZ,0.,1,425239
1MAsyFsGd9rmPuzX92vYbGMNG8THXxi3ss,0.,1,425239
1QK3rpNz9BbY6c9P62Gz8zZMD91Cmu4Z9E,0.,1,425234
13BmftanCLQkE4yKAvgWzeANLAJSxdNfrA,0.,1,425232
13CqZbkwBzSksdt76QizLvmsPu97khVMkE,0.,1,425232
17iJHrCuYeJnr54sNnHez9ZVLjSi4CqqB1,0.,1,425232
1FZJMNnqQRVxgh8XzYGRyMZgFPdFEKxLak,0.,1,425232
1FpLMZem4z716CC6MX6922uvCdnrTXTd3i,0.,1,425232
12PQ39YditjzvcEFBTCoz7MeZ8LAZv6ofU,0.,1,425227
17uZrL5B6gCcyXB2wPJhy8VynjnQPuw7o3,0.,1,425227
1G7MEA8jfctZmkPYQUgo9oAUgjeAbEu1zD,0.,1,425227
15VPiQ8cwNJ7s8qXdw6YcFNkMzZh6CZ5uW,0.,1,425224
17F9QpQVy23LcQagtk5AUWCmdQZzCf7w94,0.,1,425224
13PNsoS2Lif5RCfK8FzgMij6n9g557ayKZ,0.,1,425223
1HxtwdEHmfDwjsrnhYSxZF4dLsMZgwRQMb,0.,1,425223
18FgavXTXGhwq6Ld2tn1bUcCejNSTBZpmg,0.,1,425219
1d9qXfb1zSeJsgDjXayxiJc5JezTnLXX8,0.,1,425219
1D5K1tFS4y3byarH3GVJ8b5hR9GvxMSHDk,0.,1,425216
1H3f8jyJM7DZbKSudLgPg4xsD2qz7mwSuq,0.,1,425216
1NLe4WqLPYtSkMcbb8Lcq1d9L7ShmvoYpo,0.,1,425216
18f9exS9FTMqsSoTvNiHirVtCPz5Y8XwXz,0.,1,425208
1CxcnUpQeTJRuGCnecAc6YXSnu3a3zGeqW,0.,1,425208
17z28dtd7rXk339CqXcy7SMka56LfQejvm,0.,1,425205
18fa74LoTGgoH6hMpH6XuftKZ5tFgT4uiz,0.,1,425205
13jCV6JRJxR3fSFoP516WLrY66WMj9cHvZ,0.,1,425202
15cpxWjWX5KRKpRtJxh3M9tZnrN5QcrXo7,0.,1,425202
1HccLxJQVQ6iCboPq52xm4Mjo8Zqp4aCsK,0.,1,425202
12qFCSaYP4d1UwLzX49UH7SXFTKrkjpMYQ,0.,1,425200
1Ce73sp5bz1MHsvQqzYyEykmiZb3uGb8GD,0.,1,425200
1A35yMPxKUZnhzF7dqeQVWhdQejvpVuYpG,0.,1,425194
1AYoL1SeRpJpREjtEiqA7fQnwbNA7U3g1h,0.,1,425194
1D2dFEGnKvpk1kGaEffXmquupjEsvxQkJc,0.,1,425194
18MZ19x6VxQMHHew8nGKT81JRMo9w9uQ7s,0.,1,425187
1EGxc2st2mC4Ma44QRZYbFKeKxz8HDq4CV,0.,1,425187
1EswW3GpyG6fSF9Bwq57a6PrAsrGXZZaee,0.,1,425187
1ZBeRg22oRVjtZSgSpxFTLXaCQossxGNy,0.,1,425187
1CJVEAWCod1J4efkBip1Ydut6rMKdUkuMW,0.,1,425185
1337Zvt86Lzfy1osKHbKPJdnSJ77yMTPGc,0.,1,425183
17nSgtgRE9suMDPriU81S5tK52xjfLGcaU,0.,1,425174
