18WAKfKuaPSJS9pnTmdAXck7k8DAjXxMaH,0.,2,476110
1GPRvtRgA7Vq4rMYahXEWnrxjpt4S2Kvnw,0.,2,476110
1KRMjseRSJTNwJ81rUG9h9JjjkNtW5A4Qr,0.,2,476109
1HGnRXNzbbkAzzjPRovgBv6o5Z5gyDoVVN,0.,2,476108
12WVL6xuckCHKvZjQ92mmjHsDMPJ61J2n3,0.,2,476107
1HBYJkPe462iYegGLPFLus3EKL3k7HuBDP,0.,2,476107
13ahbh2hq29TGqzbBozgEc1aeai3yFZkdy,0.,2,476106
1487spZp4FDVC8rCQVBqsSC3uHy1kwnD24,0.,2,476106
17NnuqjVBEZ1mrnJVoy4r16H6MEPFexuaq,0.,2,476106
1CHCyXEmv9zaFD4LKaspXNCmMV4uWWr5bq,0.,2,476105
1PwjdithtdpeXQtarFX2hiqggpUhzPKNkx,0.,2,476105
1Bbh8xgg9o37TbPChvd5ZYqSzeCaKU9uEG,0.,2,476100
1BfWZsxemBZpQgJeL1caoXTwSkNNB6YKgL,0.,2,476100
13nSchnb2soTzXqWmtYcLXy1qFK9c3D5sf,0.,2,476098
1DLNtBdbdQkqwe4755KPVjr3duGFgxNEZE,0.,2,476098
1LgyDXVdVroaL5GLW37qfpH2CZAxAX62up,0.,2,476098
13FH4EFgBQRd8ciaagKja51VyjL1Yot3HS,0.,2,476096
1MFeaUfiTJRBK5VckdPUSMPjmezsdSBfF,0.,2,476095
1KTme3pHh36DAmH8Do3Q5KHPy7kKAQAwiv,0.,2,476093
1AKubjNqPAwVvJyDqhn98LkauaganDWuAf,0.,2,476092
1DUY6WpgigDY4Y57dQTJEFyjeku6tKZwdQ,0.,2,476089
1FgpciT1X9xSQFkTtyjfX8WFfA5RRy7MwL,0.,2,476089
1G5ox7pJLo5YXV6ruU2HHBRihk1D8YATpd,0.,2,476088
195BwuL9MYWoSvfPMNugAH6wEcUCQX8gpy,0.,2,476085
16aBofEY5hWswNPv3gMvu6kygWaCt9zUko,0.,2,476082
1Gt3VkrtWda5Ax5CEaL2JEzEsdkLVGaAM6,0.,2,476082
1Pz8y19bRqJgZtwWZinWcR6v8M3hFvC4ao,0.,2,476080
1843nvJMCxeC67Dz4JE1qPcnh8TfeJsdgR,0.,2,476079
1AZ6ap5ErgVWPAvLqYST5PBmHicx6PPsBx,0.,2,476079
1HyCzJseWEgf9ZcYFE5aAULguitLQpJcvG,0.,2,476079
1JpbFTcHfYAdm4nZaGJ7mvoNeKmzw1Ws1w,0.,2,476079
1NK57xi3sUaMsjJFs89WZtsUZqASb7cRPe,0.,2,476079
16NmYq871aKJhK3BpvJEoXxu9aS7jr32KU,0.,2,476078
1GrCobij63jDWKL3CNBrCTpX44iigdp2k2,0.,2,476078
1X4Tanrz5SGkcSG1jmjfJD8tXDpnrgXZd,0.,2,476078
158n5CXhp6CTb3gu11gUhQcshREadXaLZf,0.,2,476077
17qJynWwfQ6hkupSTAqfBWBqAVUgxYSZNa,0.,2,476077
18sNdVUTxRr8NGWktvnF9buNCsMewSzgt8,0.,2,476077
1VqGCzD8UpnBSo73H8UURiB91mipja3q4,0.,2,476077
1AuBCaSxi7GXhGWsXux8JqS7b5CbTFD4Wf,0.,2,476076
1CieAG3FXSYaRRM7t4tD3Et5bm7WmD5NN9,0.,2,476076
1JFiFFP6NCreaFYozTZKZaY3AimP1jpQXv,0.,2,476076
14XFpfuFDhCisyoX6p7yP9g5MqtMX2v8Bh,0.,2,476075
1HPmdcSgECdzSAGKNBKvzt8s972sDSHYdG,0.,2,476075
1KsbbrY4YtXgbkSaus8wbaPd9f29BF4m6G,0.,2,476075
1M8bWVumgufUmyWCQL8W47nSQAFE6MHPiN,0.,2,476075
1P9RLLRSkWu1r7vYGC73yBSuXvcedwgG6D,0.,2,476075
1MGvydFsEze6qPL4FzXkzoBjxVGdARmNWB,0.,2,476070
1AoF2ZbbSodWUXD9fkCgon84NcXniRWGhS,0.,2,476068
1JWS4xFcN25qkJWBAxoA9uZ75UWwU5PjMX,0.,2,476067
17PLcQxvqg5jxtm5BYsWSF65j4K2uiJ2WC,0.,2,476066
1BSP9mK7zNSfTvunu7oaj9UziLEP1ChSaL,0.,2,476066
15s7pByUhYXAVDkJD9uDqktCAVNodiskxD,0.,2,476065
166pZfpYKLE3yLGao6TzjG7tcCJLrru6Er,0.,2,476065
16Fqs75mcE7LRvf2EEKtx9dTsFGJ1Paewr,0.,2,476058
1K1f1cvku9XA6E19uMF3CeewsWxXTCdHUq,0.,2,476056
1HrP5pKuhsnXzAxdosG3yfzfVyMLqA3Ppv,0.,2,476055
18ax1AG41LUUEPyWD2gEftf9XP8nMVsYvG,0.,2,476054
1LMM7Za62AGLUnQjWn8To53Ugoz84D4GQx,0.,2,476052
19R2Kr2YKXhTf9HWmMWvrSaUv6tmuxF13v,0.,2,476051
19enG7o2zqbaaw2hfDHEB4WHEXZoYbVDFs,0.,2,476051
1HPVNwuBo5korqJtSWhATcxXhYW2gsykuY,0.,2,476049
1KhnP1eCpBfk72zE1dVukZ574JAkbsQsi2,0.,2,476044
16m2Uz26Gg3rjfDQ8zLfFrxGW6sf5JhYyP,0.,2,476041
174jmE5oHvu6wyKMiJq912pXJqHtJnJS6e,0.,2,476041
183Ea7FeMiRMHd9SmN7bGg1neiSPBG1SN4,0.,2,476041
1342KqfJs5tpvZJLLuZTQwNf2WrE3cUFZj,0.,2,476039
1GLwYgVU5HUqPXE6VZzpH8nbfYV1DsTVio,0.,2,476038
1AQZdhrvCuXnTFaenxrKgCEadKotakpiZW,0.,2,476037
1A1ZtkVqnuLLUsG2KPpcqQsC55tfbXXNA3,0.,2,476030
1FQ1dJbphVcA1Cy8RLQEzicbBqXZHFbMdv,0.,2,476030
19CD7vCUqECQMzhqnsUHrxCa6AtkRS3Fmk,0.,2,476028
19Yf5Zw836CaNeA9kzQ5D9ZowxscXpMbHs,0.,2,476028
1K7XsHp1LNZi6cRfGEzKiqUQa42XSxoFM3,0.,2,476027
1ETWbZRYcJgbV5MqEHvX2mzsasZorePgTA,0.,2,476026
1rCP8ykPSZDUsmRdLVCQMGXYdHUBxgY3J,0.,2,476026
1MKQiKrigCd5jier9fJDZhsqCvJLbWYjhz,0.,2,476025
1A5Bg752tmCJiuPWKbbxoXHrs4VB6kAfpY,0.,2,476021
1BxURs2FxB2eqAJ4Ag2hN3B5iDuppMhPGb,0.,2,476012
12Tga7kGTRkGEtb5Z42UYYZNU7HC67iRgt,0.,2,476008
13EzxGHMLs2xdAx83ess5AY7fHZSsF5wwP,0.,2,476006
1NHUMW9iKkt64xiQwhsGrYh7Cqs66Rsm9g,0.,2,476002
1FUamBsPZqdELE7Zko7zwv1BBPB49fMsvi,0.,2,475994
19ntHxf2BBuXGZ4F679tRhpFE1bbYEkeEe,0.,2,475993
14xYm23mPmJXwS5GPqpyPMP5p9TFDz15JW,0.,2,475980
14fasAdw3qVV9rzFWCVxUFDMZy1748xTAB,0.,2,475978
19VH3i7SnEBQXzYLjK5j42FxFAvpAidxSK,0.,2,475977
15nQrgHpVUZszASoKcb6e4hyGfaS1tNGXt,0.,2,475970
13XcFfpPo8SwmSqmNi9zKcRkAPpjwAT3F3,0.,2,475969
14UobLuMhDEK3D58Y53RS6g1pQrC8TKy5g,0.,2,475969
15GWMR3doRDqKqBGcbD5p41N25BVfysndQ,0.,2,475969
16vndJL6UtYhPtmAcAqxQw7ERa8xt8wxN3,0.,2,475969
18MUcRUui53tKBFakBhwqKxfcKPU52fDKo,0.,2,475969
1CpWuKDd4eo9aBtjm7ReKT4kbXmpywxki5,0.,2,475969
1Aa9X97YrwP2SCgNo4FekkxFzdhbuea9y8,0.,2,475965
1BnQ5ohnsh2CD2AghKVYihgYkhccsZH5K3,0.,2,475965
1EeNr2Pm25BUkTFAwdYUUF9vegL7GmVxZg,0.,2,475963
1GeqYQV4sSJx8S9Af8zfsc2D51HeR1vvox,0.,2,475963
1MyKtxhgLG72PAcJ9RCdmm5DS24ozpJDQN,0.,2,475960
12kFd3heWweMCyCxzBYSg7Bxt6GuFYkLpt,0.,2,475959
