1E1CeF1y6HF9PbRKrtziiGEWYDk3NKVKVw,0.,1,472474
1E4ZbFW6Mtqq4z9Po6C36aNTZ8VZz5udvb,0.,1,472474
1EES1kETicd5D9SWrVJV9q5JH1ztSPwTP2,0.,1,472474
1ELMZEkjaCrHiTovZqtwbBY3DRtihs2xYB,0.,1,472474
1EZT4hzLfcHpJcKJEttwSapPraksPmLH77,0.,1,472474
1Ed6QvS1X5DnLxHFD5ka4vXjQANQL7HT9j,0.,1,472474
1EpoXZHLvjwgkp849YWWhjhhE3bfQwbZh1,0.,1,472474
1FB5Le4rGNKN5kKZiU2sqbmbppxNUhVJfE,0.,1,472474
1FKMXxpPdeWV8UJdSfZPv84tRD3YGbTDFv,0.,1,472474
1GfSmEECWacMuzkTv1VKvBQQvHXPEM9SAL,0.,1,472474
1Ggv1WCtdSF2syLn8AdHPtpPY72G6BrxaX,0.,1,472474
1GwuntJPYgu1cz41dX2JVUSL6D8g38r3Qq,0.,1,472474
1HKN7EUFTzy8Ee4CWrsXdZAeV8HkSF8so4,0.,1,472474
1HLbEzLJnEE4tCRFQrHHxh8peTKxWnbSAg,0.,1,472474
1HgSa2X2KG4rRpHY4N8wrgRGaJqkTF8kkK,0.,1,472474
1Htfk7Qy839qxs3epJVztdYVaJaWUyKtMF,0.,1,472474
1JHPSHCy11t9AVBCWfExWqCSc2t4zYF5i6,0.,1,472474
1JQurXtVbRUM2EpALzVeRiEPoBcNL8mdzk,0.,1,472474
1JVkAaWPp3nkahmtugJX7xa6JW1GL7dZit,0.,1,472474
1JoZsSg4jeTks6UD1bVFepJXSiN8QZAaLw,0.,1,472474
1KNpw6UnreUH8689DYrTfBmVZXNLwg6Kb7,0.,1,472474
1KiNKf9z76k7iDUvsXHjZQQrPGF9Mzt9o1,0.,1,472474
1KozP8aHnYqSP81WckYNEvyUEnon7oPJs9,0.,1,472474
1L6HrRvvb9A67QUPEZC42nf6Xdmrv7mbGL,0.,1,472474
1LAzk4HQav52hVor27fhNF5DYD9w56vLT5,0.,1,472474
1LuVAf5zqnFv57pmySrK9tazKUYGnSqRhy,0.,1,472474
1LucarbmuwamiEM1kDvEte5GeZQQkf7tPp,0.,1,472474
1MExYnort5QEUaXWEL1fDogxpBPJh3ckE6,0.,1,472474
1MSuuNk6JMwpCkmULxwNNfPrKTTM7KQhnV,0.,1,472474
1MZS3usWJLUp4c3b4ENwP434GhcFxdZZEF,0.,1,472474
1NAfMbdvwxhqSkpEZYKNgWEV8iFGJJqWL4,0.,1,472474
1NGSKs15S93BzvsXuaSHzx4qiCGfvydt95,0.,1,472474
1NJMiZZnaLwj7F49UBpTapxiAhdhKG7o7,0.,1,472474
1NUtPdqi3bqiG6ddVirFtL7CqsXFrQZtFU,0.,1,472474
1Novrtq1zfY5QarnRwjJc5e57Dim69jmrc,0.,1,472474
1PDtBQZSTVG7qHXrfCMbZSNSwnvgP4vCrn,0.,1,472474
1PUCA9MP1akmTfuPogoz3M4LAmoV4XVA12,0.,1,472474
1PcbUDjLa6mDSSzfxMupbAAtrnnhdxP8ef,0.,1,472474
1PwNUkZ7cKEZXHUyENJiga9HHdQtQXzaKT,0.,1,472474
1Q2S9ixFSP6vFR4rYLu2Csuysj7CxxShpU,0.,1,472474
1Q53jwJpWyG4xXeAGzMknaczCaJB1EFKXb,0.,1,472474
1QAEJgadduPMuo6c4hZNw3z86n2ZWgmfgK,0.,1,472474
1QH1N7Sjk8aLpCufLVXPkQv2Qm1FkwE9vk,0.,1,472474
1VCSpBnB2JYkXKRyxnKXRFcbVqK2YfFDk,0.,1,472474
1XioVuvgnuNoHyUV3XbPPuFzDdUyQNbzg,0.,1,472474
1eamHdAgcXiDvQjhVzeduaTFq5WpZQEvu,0.,1,472474
1n4JRQWJjGcwqdWMgwcJTe4yxV7fK1iUw,0.,1,472474
1sUWPoJaEWZQKsFAj6XkGxacpkEW5zYw4,0.,1,472474
1v96hpGkj19mttKEPxzpZfjoqckwP6WTL,0.,1,472474
1vMH7h1MV6MdwNfMtDWjn3AkQCTWZsQnm,0.,1,472474
121NKV9pSfYJFW2yRBiD6VRjWdUipVyXaJ,0.,1,472473
14v2h6SZK6qwxcUfpdKBffTkEqJvVoc4yK,0.,1,472473
15YGHdNJ8EWvM39EHD8v9DTwFc2UFT1Q6z,0.,1,472473
18gC19DkJBCrpcT2xE1qDFTAttpESa2Ve8,0.,1,472473
18n8SGLCJS8d89uUG9oRLvKD2yoEcQGXvK,0.,1,472473
19HC8se7pPrcpSUKxPQt12eWp3sueQe2bs,0.,1,472473
1B2MCR9mzWvdvSjGZJQjMRW9wJLBQ2eb12,0.,1,472473
1BDEJwLFvfHsoHqcng7txTposfm9iTkfZ9,0.,1,472473
1BZZsw7K5t3CshtwR1hhNnsBA92M2Nk3QQ,0.,1,472473
1BzKVfVKEUC4tTdb1TeMx13kSdHKxmna6G,0.,1,472473
1CHJRd96MJoStjXH6uox47kDn2J1h1PMVx,0.,1,472473
1EQu16svUhPc2YiLa1STLvf9LNAwLipvsS,0.,1,472473
1EYbYHKvyQcNH3DtZKVc8Fg3MhJB5EktJK,0.,1,472473
1Eo8gpYXbrqdLNBFVQwSsFRc6UAMBF5n6p,0.,1,472473
1GfvVhmocDtSZwKGQ8XFe4pQFryGpyftTq,0.,1,472473
1HcpmMcQTbB11gX8JXnwysJwjd8G41MAAn,0.,1,472473
1J2mUiyLjnnJ88YfeVvKVAYiehqgEPzohj,0.,1,472473
1JXhd87TcRisE7qZuhmhf5ASNjY1N5VmMi,0.,1,472473
1LtCPuH7nu7DsLbtLipzfw3iwu5euTGSCx,0.,1,472473
1LuYB9wLXArpEsiyRDutHZr4xepXLvMMZi,0.,1,472473
1MavoHbsM3QssJ8sPDdKTTFiiEDcRvqNAB,0.,1,472473
1NWmUoZ6jfP4nas5RR5XNxvp7qkFLrHdxi,0.,1,472473
1NhddB2mqT9QtnDgm9SSgRV8pdNDPCdQEg,0.,1,472473
1PmuR33HT7ZXVYfTtg4fH5dyVKULM2iDT8,0.,1,472473
1PvtP3jkNF5rrmEH7VD7Vwys7x5SE4iCNC,0.,1,472473
14stht1Wr21hYwGSzN45GLKYt6TUwmypBN,0.,1,472472
15zvVgBntTUovGn6NG6PsAmchTk4z2mY1N,0.,1,472472
16vNooTSWu7g29Jo9CzeV9FUdzhmMFpqvJ,0.,1,472472
17XCmcudJecw3eqgijpSM64aQpBRgFuMqF,0.,1,472472
1A64wTw54Qn735RvpqpvTzv1QXKBUv5SNZ,0.,1,472472
1CnCNFBnh3FMFpJK3x8gQoADogEPC7t5ZD,0.,1,472472
1EBMNAwQNheabdfmaHLQTnLR9N74iwwCvm,0.,1,472472
1G1DGuPikwj49QL2cqCA53ipghNf7NjV4N,0.,1,472472
1HeHej92KPDykoz8tPVmKTtJwYPkW4FrmF,0.,1,472472
1HhdNoLDjp6xf1zmnxy4aoTf1GctDF9BY1,0.,1,472472
1MBu9tzJGCZ4aDDrqKpsJPikQDTTUaimN6,0.,1,472472
1MXz43AGNZkAdkGafAkVJBMKScVnbDzGU5,0.,1,472472
16FKRbkgtS4AqLa2ikLz4tLXvo2iAbLL9D,0.,1,472471
16m754qJnE4cJEXY98xc84RBPuxK8UqZrg,0.,1,472471
16v41Xz5zLigVfc3k3wuc3rTxhmaq7uj8U,0.,1,472471
189TxE7o4ANFK2rBSvo6ZwrftTMx2Cgy6b,0.,1,472471
1C7D9zQimigqCm9ZJmrX5ipVqxZsu8TjuV,0.,1,472471
1Jr9d4Bwyq5vzS2TejZxKseQ4ZDbqDhAmM,0.,1,472471
1Jvn1kjuURKPVjy3Cr5B2zTFFZ9h1DKrRX,0.,1,472471
1MaquvfwbLZ93Jgq6fgqDiycza5t5CdqSh,0.,1,472471
1Ndc9zvb11CEBCeLCTNQNjNPcmz5yjzofg,0.,1,472471
1PUY7a1mxEBWAufQfFgzZB7jSbuDBZFcyc,0.,1,472471
1145pPRhpfZTerZEXXPqUe1z6yuizrZepq,0.,1,472469
15oW2BWzmPFb4ozjPC526MscmS3HjyBccG,0.,1,472469
17cKy6MbM9tuVKWfvCGGLFmmBTFQUeAFbs,0.,1,472469
