1LWvKt9ctQpmXna1ZsBMsq9r8cjPRMQypx,0.,1,448770
1LqravY2CvTUAiTesPBNEUst6E4KpnVPDA,0.,1,448770
1MP2vuGvdtqSskSAaXsnmGUjHbkTpxSQcJ,0.,1,448770
1MyPFNfS6awFbo6kgci1wVvRUUqSBVRq3e,0.,1,448770
1NFt8SZCymQQyvQquxG6KB3z8VZYxH95w4,0.,1,448770
1NLNdSjcZtnFcxhqf7x6AGPmwnee1JAYNE,0.,1,448770
1NqfKQ3KrfSuRLo7A5JuM7nEHEs74sDn9m,0.,1,448770
1PA5xdiCGHfJrGjtXyM1WJVmMwRy7S2UmY,0.,1,448770
1PC7tk3qahayyVNXxs1SmSuVqRh8ebJ3m,0.,1,448770
12aaw13y1TvpcKHdKV3MTFsMdisLzLnC3k,0.,1,448769
12zQWS422zK2TaPhGQaFd5eDe4VEywT2WB,0.,1,448769
13qGt4DF2shdtMmRLT7ao17fuu5mP2sVbw,0.,1,448769
14wUMRWTA7XtoYGzkyZeEerYjPA4TTsETd,0.,1,448769
15vcZsUE4WYNNghdmAAAM8gqEo2v2TVwKB,0.,1,448769
17srx81xgTAFcHUA8H9GST8mtrKy27kKFN,0.,1,448769
19Ao96UUhgLEqXkCehau5jU9pN2GhGmQ5y,0.,1,448769
1A1X2jXrmKg8ZvALeSvi8fFLJ9ZwjYoBBD,0.,1,448769
1Ak1d9a4vCYWqqzKJ6H1qk4zV1QKStFmRi,0.,1,448769
1Atn3n9Q6KC5DdXzWfoov8qQfEwmBgWZ1,0.,1,448769
1Bp7NxSPJAVL2BhXE981Kxx1tA2LRZ9vcP,0.,1,448769
1BsmsV535SQJfk3rYneui4JL1yf7JsGcWZ,0.,1,448769
1DMEtY3CXTowW8H6z5mYHWYvcxJrnydL6x,0.,1,448769
1EBeqLuHyvwfqd8adYHKQhMjhfyQY3ET4T,0.,1,448769
1GFX758HV9LZEnSdxuoQsqMeG3A6eykV3p,0.,1,448769
1HZYR8LQN2bMRTamSuvRFU1Lxwb1NFvfGR,0.,1,448769
1KYMX5exUHYG3X4dDjauUWpfsuViNJByxo,0.,1,448769
1LP9vZQ4atrW5tZhz1YLhFepsKMdonQCQE,0.,1,448769
1MnXAsz7jhZa8PBMLEvWiNyKemxXCC7BFx,0.,1,448769
1P2QxrQDoBaL5PDDjRye1CL8M4pDJrfMS2,0.,1,448769
1PKgqPizay5QxZRCLiorrjPGGLawXZxriW,0.,1,448769
112YZg4kPjBwea1XMx6rtTgKmDzuUbAboY,0.,1,448768
18DaLtGQ1SgqQ3isZZoLKPn8u9fzVmooDM,0.,1,448768
1BDinoZUGjwT9Ry5NQKRa3Sa4z8GfsBc8J,0.,1,448768
1KuhHSGokkgYNKTS5RXiMmXtcjZKM9gTpy,0.,1,448768
1MULzARscBW7DR2hcf9CUes1H794jbCQE3,0.,1,448768
191QoyEW7s6BK2hRW8sRjn9NQNcXsrddEy,0.,1,448767
1BHPDXre8sUffFsFyWAN4JY5ByXvdBXXM5,0.,1,448767
1Phb1wL5g8MGKyDduWJQzhAc4HNGkSDDtd,0.,1,448767
12fGbYwkJLVvLK2Mdadar2P3aLrrUBd2iB,0.,1,448766
18grP8utWUfHTeTXu88Y6kg2iehCYHPDdE,0.,1,448766
1EqX5DQbCVoHrjyVXCtJ25pCW3pyQXx7nF,0.,1,448766
1H5moRHrm4RomXX826kzAhLYiPdkAJJNJb,0.,1,448766
1Kn8MPQ53HYVP3RNPS288qpscn6affKC1v,0.,1,448766
1LE4GYEbzoJuxNirdnQFMyGMhp4jeBXaxz,0.,1,448766
1MpgcAMUjoMRgHg5tFp7ToVqpLwfHK8X5x,0.,1,448766
15ij9bJvdCEJrHEwFmaM9T7xy2EY1oacoZ,0.,1,448765
16wriX4j2qEj6ZPK25p1pQXgM6d51Y9DAg,0.,1,448765
1G1n63pkcYA9MvZun7zZeJFQfDGKvRiq7G,0.,1,448765
122qMhn1ypeyYmf2hxLog2bqcaVWWrzKga,0.,1,448764
127R2nMK6iQ2L585d5brbkjcoqYoG7Gni6,0.,1,448764
12KsQVw7zABtmsvn6NbthcsbGYiuAB2K2g,0.,1,448764
12uD8PpJL8NryBQ7D2gv37L5Uy1LT73iea,0.,1,448764
13sDxurHcwBH4qGKQ8sctKqkCYk99sZgre,0.,1,448764
15jUkvGbJBHt12k8ioGgpZNPPRwMzZGjyV,0.,1,448764
16p1S1R3bpF7TttFaTgzgHNz87ar3YabtJ,0.,1,448764
17HKuzCz1nKU9eR6XiFb7VDuLn7eYe9Y81,0.,1,448764
19DgTBv9FbEkUAEC4nBtrJHG58we8WAR24,0.,1,448764
1AfWPs4TMoR4GavNNx3xDaGCTTEnKhx4mZ,0.,1,448764
1Cjs1AD5bWJm2mbJMyseqkhFgdkD9YrKkr,0.,1,448764
1DRxUipaEGRfSBdpwvPGQG4YkRJNPfHFx,0.,1,448764
1DgLDXJjYbRhu9XFqCoVcCNznXyDMTcBPp,0.,1,448764
1EzhqE3U3f5RpnXe4BsshtsB46egE3Q3FL,0.,1,448764
1HxhRtetpWqsVfQuQefxPrJ89uS2k7Z3rW,0.,1,448764
1J826cWYaoQmjuTZVAJnbba9MduKAzcQ6o,0.,1,448764
1JSzQWjFfG22zwmZL9DQwENrGtry2DJV3p,0.,1,448764
1K9uizjZQ3v9GFkLCQCmBP3kh4hRmwZtrm,0.,1,448764
1KieZgz9yss2X6jmJjRGV1eKsRHdDEaDjP,0.,1,448764
1MMUY945c4V2ARW7okEdn2CGRsa2NjamEs,0.,1,448764
1MufabHdL1sWnQdjSs3gTue3B6vYtHD3Me,0.,1,448764
1N8Nz1BjVTA65TQrANZiknj5vJZkzaQS3v,0.,1,448764
1NHM8EydbQukXefheetEEDFcEfiCPuWZXv,0.,1,448764
1NmUvfxJiSrZUAAKTrEAFXKzb3xUbdTTot,0.,1,448764
1BrCJv2tWkv9eER4euMvjwWe7aS4PDf7fK,0.,1,448763
1EM9auTb7ftEEqDTggphhxGfKgxbvXKsWs,0.,1,448763
1FatLbkBWTuwzk4LvaYcXFLFXLrdMhdY7F,0.,1,448763
1KobNF7Cia9664n33GB6vfdrDSFZ6NiTaN,0.,1,448763
1Meaod1zjd4pRFeqSyJBYPTyK5firWYf1f,0.,1,448763
148vtSWecmWjvA5kPdrZsGNGZmmmaBHkhx,0.,1,448762
1CDsN7Ma6fSjk2SVL3sYrjig4qLuhistdD,0.,1,448762
1DCohGexT71RQeMJUHPZti4LsB3U8snSyK,0.,1,448762
1JycoCdbTH5fsy3HZK2gjjQuRYhroCZhQw,0.,1,448762
1K2aKH5rreTUyYGxLUjcV2LWedxDGBPd2A,0.,1,448762
1NxXTH7CCNrHG3niHzLc6gX8DKUAkmwRoE,0.,1,448762
1WGJVuicyMRGwKAL7Vxb2X57zxB8isEYK,0.,1,448762
15XqSc4uSeDkrfhHB8reY2FLmBjgMGrtqK,0.,1,448760
15cKsw8WvCmVgZK9RLYXsaaUPCTPSCsFG1,0.,1,448760
1AxNPiyTmxoBFe8r7xcrGD1kKfRtETyKXj,0.,1,448760
1C1PfhH9qqdcDD2yryPbRFNmnkujtxVz3u,0.,1,448760
1DmTrEERBAccpzYjxLq5bCh4eMxfWaqEUY,0.,1,448760
1JfxxqPpTnJkmCHtxMoeXrkG62zpXu3x5w,0.,1,448760
12PvbQi2yeDW36Lfxx5PWwzjgr3VgSkMd7,0.,1,448759
12jNMTRcWfVjaGkuWP1mfFzUJvqFKYKTah,0.,1,448759
12os8cDiQE2EhPF7dxoL53vZs1K1K4MhxE,0.,1,448759
12y7qTj2DppFVSC5gq5vdXGCiiS5gr237K,0.,1,448759
131EhQ6EfGmiUWoAUsx3dRaFgfk7hj452Y,0.,1,448759
16dNVmvWhSKEBjgn3g1u7qe9aFLB7XPimc,0.,1,448759
16wSeLbLv7eoBjyFM69KwbMoVxhJXVkZoP,0.,1,448759
17WLHQxCsyQoeBaGtGZKYDVLyR3idb9d6u,0.,1,448759
17qmKER7Fp7VfbzJakGx5cTyiS3JoHeNLS,0.,1,448759
18gau7S2oU4wGFaRw4neXjXKrcpq8UFvy6,0.,1,448759
