178W2Qj5nCkERrcVLB8pYyfdkvZQF5K6hx,0.,1,477077
17CLNnTi7H7EZ5d6NyX2mhmBE9dcyA44AX,0.,1,477077
17eWdpsgw7HfPFuFkY2SajuLaTcyTq73JL,0.,1,477077
17rJBqt3KnYYzD8xZkWuU6GUhEv2KcVtHC,0.,1,477077
18hSJSwD8S8VqqndDQWzYeYrpQ4R9kezBj,0.,1,477077
192qYgFmVVHQqrxurjHk8JEd9qGXDdjeAa,0.,1,477077
19dLAZc66kf6J5AULwUKoxsqnbqGGt8DyJ,0.,1,477077
19oNmdJrstuDaeqE1dhdDfaWbWb2iu6Qgf,0.,1,477077
1A2UWCmst9JpCB5pohj9ScyCiYqX18KLkX,0.,1,477077
1A7BMiQwH5N53j2pTxdLXS1hdvoTqA1qeT,0.,1,477077
1A8eYMzhBHbBbfZ7abUrRLiSih15X88Lcw,0.,1,477077
1AT7mxg4qXrzVbw7o88Nz9A9qRU8rRsE8m,0.,1,477077
1AUb5mppNT6ZhFbzVLgmX3Y8WRxRdq79Up,0.,1,477077
1Acy6cDY9TbPjGbKKseJAFzMMCfggeZadM,0.,1,477077
1Am8foszCZVJEDY3bGwZ2YtwtsfVzY84z3,0.,1,477077
1BALYWWj4uGzfPSu8KBKtEiWw6uAXFWeaN,0.,1,477077
1BHbRAQkPX82DzkuR97GcG1XJbUw1tpq2g,0.,1,477077
1BMnVV6wqLyNkibJRJyH8v2pB5aGbqjSUW,0.,1,477077
1BnTzizwhBVFMpHVPxTBgXGPt5KiShTscZ,0.,1,477077
1C43SRNMDbZB5dTTihyJ5gXUmf2ash7R2i,0.,1,477077
1C7AnNJXfbjyQhCTT7vmcnyDZhawPDvgdv,0.,1,477077
1CMR93Fna2cfFVL52ydnEMVgkVdYQyGRCb,0.,1,477077
1CcoV4a4cTB29RnzgxFYuLGp86dk13VWAv,0.,1,477077
1Cdb1XVraQQaguevFbDzFVgHKUEKzoEG47,0.,1,477077
1D3rdeGRLqK32rv4KCY4azsXn5jidngfar,0.,1,477077
1DC5NKPFLzwNgBSjHQ4HxQESmjJ6f3fxFs,0.,1,477077
1DaPh2wJTxwiX6XAQCCYJo1FAuJxoAfaq5,0.,1,477077
1DkFEyPThKuSx2yNzy3H6THghjcv2FsqA5,0.,1,477077
1DraGnS8DEnLznX8QLFt5zUjfMtfM1NTZW,0.,1,477077
1EGr3LikcFjZ1yjsJmYwAD8Qx9LpU7ouFS,0.,1,477077
1FD8eH6unuKqshCMvVtpKXYme1ri4EBcog,0.,1,477077
1FMTTKnMkXYhtXujhm5E97kZqfTLiADVMj,0.,1,477077
1FieoLojTaJUq42vFWGRSeGXWtjPm6NJkr,0.,1,477077
1FveL3BAcn6G2DEVKks3a5RaAVDdM59Ahe,0.,1,477077
1GLgCmzVfjqHXEm87DPMvNktgArsUVxjD4,0.,1,477077
1GccFVLScbSTFadQf1JuBqmEpdnAVsfnmF,0.,1,477077
1Gif4pP1P7YkcGYvSs2pQNJKeiPLT2MdE4,0.,1,477077
1GkPvomcFg4XE3kJSqqzdwtbv8peCs5yKC,0.,1,477077
1H34TieM4RsCGZbUvvjCLfGH7fVxDtqi4Y,0.,1,477077
1HNJyjHKiEfyGKjKqoXRunxGsD38dKPvHK,0.,1,477077
1HPSitL3vj7aNcQ39bxifRmwfNfSzJiPcM,0.,1,477077
1HdUJAK8fwa1SgWVuBuQg7qWQLpFthKMcx,0.,1,477077
1HeAF8pExLn2VWPdAvNrr4CKLQSdFhLbqE,0.,1,477077
1HiY2ibBk6vZ2ZbJdCoeeauQ4hEE7zG3vH,0.,1,477077
1HjKA94g8oHRTiQLZ26JnS5VWBEhmunbeC,0.,1,477077
1J28HTopkixgfAt7Q4YN7MBd1oMp5Bgx22,0.,1,477077
1JD22HwZuKahEAfWz1QpGJjxuUSr1Kfqi1,0.,1,477077
1JHgoiQnE5j2Q4YBVT3WvmSdEoRGnhcR2W,0.,1,477077
1JgG9x2VvSSjRFqYCS4o9PpghKiSMpf5iS,0.,1,477077
1JgzKHFNcHah8h7RwhVkkzD2FTk23AQoid,0.,1,477077
1JzDZ6cht6pBaqCwMEZv6XYfgHoAkX5Ybf,0.,1,477077
1K4PUNg9kjiEb8MfLWwxbKXdrvXCQV1Jvs,0.,1,477077
1K57UQX8SquE9rn7v5NWnUkaNvunJ3gzCS,0.,1,477077
1KGeAx4mk9XLT4To3f1Z1HCraudNydhpnK,0.,1,477077
1KKaxt74MjuG3mqzkZoyc2KWwmneoEFJA7,0.,1,477077
1KQWa9T2eT8KPkVj5dgYhNHTwxXbjCpBst,0.,1,477077
1KUYmt4jySUndneyhaJo4EP6YfufeTr6vx,0.,1,477077
1KWrbNJUM37nvyGB38vJy23yayQLwFv4q6,0.,1,477077
1Keuck2ytq7z8U32VdmXgrdKgLk53uTCDm,0.,1,477077
1KkZAKU2hXzZizUvf9Mbe786cbn5ybjY7R,0.,1,477077
1KkusDLP5tEYdiVbS4WfBw9e1HohkHZ1A5,0.,1,477077
1LFM8xHHARsZoHJwSmZRiitCqfNhQgjL9d,0.,1,477077
1LizG9iZFVcd3t2mPDa6zGMrYL8isL2BoS,0.,1,477077
1MR8Mo8cWXDuc8JCWivgjL5oTAowZnHyze,0.,1,477077
1N4GsfYNpArHMwMrNryAfAtHKGAduSwV6c,0.,1,477077
1NUu89GGtq8S2Z1h3kru7oBzBSdCj3pRJq,0.,1,477077
1PChWoDDUUUTKkVVerjCWG42SBREGYT5Gc,0.,1,477077
1PGZiVTRdyYPQiuZHqbiJRrH1kbY5D2vnk,0.,1,477077
1PV39x9nhZx74gvg9CD1Q8HqEoSSNgTN7k,0.,1,477077
1PxN6RonEbqMuJamvtthzZnbA4RvddgfLt,0.,1,477077
1Q6pxG8pYLNe4Mv5u2b1U3KNGB7b4C4Lod,0.,1,477077
1tYnABtSSr6DzkXpR72XoqDDLzTc3xuZ5,0.,1,477077
1wZtZ6CuP3upseTn2ZMv6N7gmetwygnRy,0.,1,477077
1xCtoEZYcWwM6Fck4jwRg5gz5LMB88kxo,0.,1,477077
16Yq7gRGBXiU68xdDQKPjKv5P9bdjkTgoT,0.,1,477076
1BkqjY5phAdKViAyks3u7AGwfoXZDwB5bZ,0.,1,477076
1CXLWR4tQz9wxZoW8j9R8yWPP8XuEcxxCF,0.,1,477076
1DeXBiNnYaR5UZnMjafBrzf3Rd4FLqeAqz,0.,1,477076
1HwHDxPPgrrML6wXXSrWHEk4nkNAxPRyUK,0.,1,477076
1HwevXoourEaMB6VfBYMUVRuRFvCXwhggr,0.,1,477076
1JkFurp7NyhR6WWkg1vEJ3udk7KrYGmSju,0.,1,477076
1LX2TSQ8F6JbXcPD4Q787XtcMmEGNnnJu1,0.,1,477076
1M6H7HG4vY4Y2a4ymQtDYzAyXrt1REC87t,0.,1,477076
1P2X2Rzdv2PM1Bqy54rZtTx74T9LjAfkhL,0.,1,477076
1Q8mWCb2nQBGCXBtLWGDh6UeA2o7pLbfzc,0.,1,477076
12DX6wej27o4JTbSgciLeKARCLuxrrfPZZ,0.,1,477075
12HZuYCRQsWuAKkdWLgZ7ksGyb8GBWrVkb,0.,1,477075
12MMJhtkWX63QR7Q8x2nmwFf9rDubqdZWo,0.,1,477075
12UA99gqwKtb5NLu9zgwFFUMGxRLcvzMEW,0.,1,477075
12xysSrjQPugZu7ce92UQaaE65k8TGATUo,0.,1,477075
13cY5eRiBzWFiwTBkToAQdkg19fxBGBRpB,0.,1,477075
14z2WoepcPrGjDJZFwnBmTXWbJbfkcLLQQ,0.,1,477075
16YfYMbu1drue7CiYMLJUwjtEtXBv6sFce,0.,1,477075
16sbEF8UnrHLQvtAq4xKL8VmoCBBMPPx3h,0.,1,477075
182XH6RLNoHZyUEtPNhCLUUELGXdLgePL8,0.,1,477075
184yW7Zijs2QorjPUnR1RgkQjpa3nrhH4L,0.,1,477075
18AWuRzthz4eWNsHHsCDV4jqSxM8zdjQPU,0.,1,477075
18MwmBvN3tvx1ZCTGK1ZfiUJNQC7kazuJG,0.,1,477075
18SFdVfd5SDtXFNQ9QowkmH74fnX7eRuaR,0.,1,477075
193eKxQVfSCmfybYdbL1FLRFZNpoWRPJSD,0.,1,477075
