1M815W4X7e44z3finEUAQbWqYZFEPR4tYU,0.,2,521596
1P8ZVp573nwM2DnUmR4c4o6PFKcENq9mNH,0.,2,521596
19eQJuMXZjkd68Tac29AHnDj1hmscaNBRU,0.,2,521595
1DuZ3mTMzHz2PbhDnes9yd7Z1AnKzFVbyF,0.,2,521595
1E5f5NQVUpufjmbBT24HVsyFCDzUaDQYsi,0.,2,521595
1GNvpyEPSD2q73WhaXpNEXz49muXACY7CX,0.,2,521595
1HYzdcBvF2ymhPa8NyTYr21zMdrQBhvRx,0.,2,521595
1PUtj2c42TNyKjKzrWtx7Wr99wjn4BH2hm,0.,2,521595
1PgiA2etVBVFGu9vUR2C84yHk8Hj4RrUY3,0.,2,521595
11sc5eHQArHV8m26HnbabtP8AhceDtSHZ,0.,2,521593
1GG232qbRtX1y7dc1a5Pd5HP6iGjECAEMr,0.,2,521593
1GLjE2XHjek511Z1NVDVTo3UTHw5Ng6Hi2,0.,2,521593
1L1dUzx8pvDYxpzV8LCJ7e1pM8FMTVqSuH,0.,2,521593
1P1WEyMrX6RnvG7Cs2Y15jdHSJxXG4HPok,0.,2,521593
1QHdMDKWej62i1wQiWp8czviKpxAeCEzC1,0.,2,521593
146FQCcqiMb3YVxq375xox6nqD8SXo51PF,0.,2,521591
14bgVY577nNYxtNWbxdSLMfP5KKpMXUbhC,0.,2,521591
15dKXy8Sa6Mta1hm9caBB6JiJumMFFndJU,0.,2,521591
17NFaA79sDN3Y8p3vzF2gmvgCJNw5ABYfq,0.,2,521591
17qJKLt1DrgM5qag82MosFjNAwfeBbgsyz,0.,2,521591
194FJDoggVwJBYZ2Kr5oLf6vU2xm4VUATL,0.,2,521591
19Juwb2i5vEG2vGXdUtGM9Qtcd6Hjiw9ET,0.,2,521591
1AUTPqet5KtCEfDhowgFF3wRCmWsJCHUEU,0.,2,521591
1DVJ2ecFuLLWjUR79WmjQBnRovHXfxoQbv,0.,2,521591
1DgY8yRBfyaoXd2TdjjMyk6rRpBvKJrwLp,0.,2,521591
1EAE2Y6HvU7y5WdiCp8Ut3vKzp5LDgpRtj,0.,2,521591
1F2JeRZxLGrRBDAmdSdHRgnWEy152ND4sm,0.,2,521591
1GogoHH1SkWfNXCr9P1EyEHYujRdmKnjpu,0.,2,521591
1Lb8UdBYQ42RjyQwzpLBrxfh2D6PRNCE8m,0.,2,521591
1LgBAPd59gXsYiyEo23MKjiBVict4rNG3H,0.,2,521591
1LopZHB7GYZ9JDDWusszau1yE6ZfVu17yT,0.,2,521591
1M75mNFm5dUfDBhkurHCy1Gb7etGDE9wrc,0.,2,521591
1NfaCBfdgyszyARJ1wcDwvTNcRyq43A64w,0.,2,521591
1PeGpdq6dRJnrw3Q3rN7PoRYpbdSSk34GS,0.,2,521591
1PfQTR27ttQhJB9PWJK57kSmSLayo5a9d6,0.,2,521591
1QLAALdLrQioSqLpzY4Med6JTirTCtadX1,0.,2,521591
1rTRrycT6WY1YJCSdVkPuyHb7xVQyCQzy,0.,2,521591
1Pp7S3bsUKeMDe4Kffb4Z8D2xBsNcg3jGU,0.,2,521588
18E1BtLazsaBfXHnC4FLx33bWDionzdf2D,0.,2,521586
1GKUwMwodqmciup2Mw2qQ8mzJR64vtKihe,0.,2,521586
1KxmmzcZ5duhPzi988yzwomCGM7Pj9CtEc,0.,2,521586
1Q4UkF7yZyL3rRLr1ypn7K4koRNWTGYKUj,0.,2,521586
12dV2GAbxtL7kzdTdoPL6J21Jd2pLZm9tp,0.,2,521585
12fN9qstgYpuW693wZa4svBTxTxod4kL9P,0.,2,521585
17vDpcxgcwueDpLRm7p9MLnB7amLdw7B3g,0.,2,521585
1BpaV6sDMAN49XsKGLzwX8DmiFkfqWyMd,0.,2,521585
1D3Pm8CdVqTF5bze6wncvimvGKC9T34s8c,0.,2,521585
1KN3oss3noCzaMNH1RWStiyDnWY9cZSLzv,0.,2,521585
18JcVu8yxZHQAAQB9R8x81uXw4Eyo22V9W,0.,2,521584
1HsyJsSM6bpcHiraxeVgk1zN2uVe3Rp8Vj,0.,2,521580
1LcMhqQda8SRtCu8PmjmbSGpSvod4QxVqi,0.,2,521580
1NA5byNrVpG4TH8taYzqJU3m2uxqvPgszu,0.,2,521580
1PmmF1gwVSYiWyr1u843J1AryneoKgPSu,0.,2,521580
1Q9TfxTbw7BuB3TBCrYCiqFirfXexocfRf,0.,2,521580
12C5nW4kMRc8dfBCTX8KeUE9WmDHkvZxLf,0.,2,521579
13Jm1GXPtsudgs87gmpAPTNXEmNuxMqVSR,0.,2,521579
13zvPAJXakefi8apHU92Su57VGmj5b5pfw,0.,2,521579
144x3YrgJBKvdZeAfhWpaxHMah2ct28dSL,0.,2,521579
14joiN83ygRkAaDiFszwUUcvHPyrrKZjh3,0.,2,521579
16RzNdnv1mBKXJcWaKcv7YS6TUUjK5HaZ,0.,2,521579
16wZJ4vbGehc4UBSAzmqjJkZGNeddLekUw,0.,2,521579
17ybMP7h7UAr6rNdUtsp2BR8LHSGY4uTmM,0.,2,521579
19hAanZQysGs2BBFN87BQLnppH67WSM633,0.,2,521579
19ngcA4gnLT3LoRuSaoyWigphzBJxeoJ99,0.,2,521579
1BW95vH6FC5xPJZ9t8NaRon3YGJX22HCUU,0.,2,521579
1CznFMp7cu2R7RateEQpDxzhjKmcN14EZW,0.,2,521579
1DdQcqW6pG6tuDhMbW7osYJXHkuqozYrQx,0.,2,521579
1EABpLa4SHQaGhnyKits9X6bGNATFmAczt,0.,2,521579
1FM6xiCdB6KyqjtUTiJnMXfdoFvXYiDbHp,0.,2,521579
1FQgXaVLKfAbEp88YktvxXRb21BomAuwiR,0.,2,521579
1FpNDxz8YoDEjqszqRVn3gSADa4DJggYsX,0.,2,521579
1G6913GJFEoFVDtC2r3Sk3LiW5iUtNF7JT,0.,2,521579
1GqinXMpuvwfYpZ9ZSUZ1DcDiqEMxe2eys,0.,2,521579
1GvdWP91MpwRtCEUW1P1kvFdSd5eSrMRRT,0.,2,521579
1HNa3WiMNE1B9rdnjQV1aQkcTGmu6uYLZc,0.,2,521579
1Hy54T4DAbmKNUP6Z1HQpCbsobV5biU8W3,0.,2,521579
1MJs8RNMrWu3sWo6Rm3kfC25s9yuejQ2NS,0.,2,521579
1MVwErU9BLAVzB4EmiLspeMYh94BzAZUSF,0.,2,521579
1N413e72HjJ37tnD4erznD2bKUx1XasnBe,0.,2,521579
1P2kYKxMPwcdN1mT7SvutX3T1E891326SH,0.,2,521579
1PEdQ3R3p5RmBPZsc3K2yLQ2xWnTMAud3Y,0.,2,521579
1cEiAhj334RV5d6LgiLZPB6DgNgVEcdho,0.,2,521579
13coAV6SoHFHcHuerKYRFLVfvnzuhsM1dM,0.,2,521578
15jikRDZxG4gwwe6RoH82cwj2JXZxaYv67,0.,2,521578
1HvzMxZDgiqhpKdmGUwfsy8u26wUFahThm,0.,2,521578
1JArYekaBLPCXG6cDSHh4gN3d8LhTQhLuY,0.,2,521578
1PsB3RgVUsxtHFA29rFtD2guWjz3KG1E3N,0.,2,521578
12mksjcTBS5cYVPfWHptrgRB7pUvJLee7V,0.,2,521575
12u5Esi1BuiG1qLj6XPBaQDq5nmWAq9LTT,0.,2,521575
1EkHwR6jDKNhzWBXpes1KfRX5u6x1b1a4k,0.,2,521575
1GFVZ6GWHpZLboqD6vDFzEbkEyjLNDMQ7i,0.,2,521575
1HJxUMo2bLkSzytoNm8FN35P1TEbpoZT3n,0.,2,521575
15YozvQYPGMpr7a23HqyakddviuxsChjwB,0.,2,521572
1BWCh3YYbgkTauMcm9LvkH9MbfcRo84syX,0.,2,521572
1C9uS2GL6vgEbJWS3LbduHC2BKjt8D44s3,0.,2,521572
1EGJHgYB84AmpbEExRjCSJ9u6uSXeX64b7,0.,2,521572
1KobjSQyShAvpaPWjpFjzYzenoLUG6qWXU,0.,2,521572
18ZZ6kN8SiEN7U1v8ir1C7K7sg7JQkFEx,0.,2,521570
1BUkdsc4YH4ccxtGvskTue4fPQNyqQpEgm,0.,2,521570
1DJcLgTQYtAGXw5doYHmWdquFQdLQKAD1S,0.,2,521570
