1PEUQXyk3LCyS1thpM888j9bMowm7rxhZ3,0.00002184,9,573437
15yNzkC6G7qVx3vzAfEi8unXnj3S1kDFfQ,0.00002184,9,573403
1Cc7YGq7U2VkYt5BQdq1griN8WGpb3f5Dq,0.00002184,9,573349
12agHDx8pUG5SkHY6aYo25Kto1abh6g4jA,0.00002184,9,573339
15UvrFDiAZUizpxieQeQAHvyw8HqL9ouBa,0.00002184,9,573337
1FA8BJGw1oN8DLzjpRMdH1Paxr11xYax5B,0.00002184,9,573335
16RCEPNKWTsTkXjmLMfRbfngxkCAAAfMej,0.00002184,9,573322
17s1ZCpnxPpRH2cgED1fMHQuu5TF63X5ir,0.00002184,9,573292
16ftoai9tYksJMpnMVQ2EwbBb5pMkk3cNN,0.00002184,9,573285
1LHHRgMxudtSKC6NwGFnTxF2CVMiHKfbNV,0.00002184,9,573268
1Pkf42u6uXsayCJw9HTJPAMoqWgB72F5LD,0.00002184,9,573264
1JXWG3dthhoAKhdkwHC1uYbSin5nk92NjB,0.00002184,9,573238
1GnDgQvNTvg1SuuTDU62Zo4eDJMNkpnt7T,0.00002184,9,573208
1G5LBVnP5Lz8wYcB98fWTc1i9jCXuCg6rq,0.00002184,9,573168
1CvWDUjcbw5yfPngK2KSnKhYDLP2wcF4W8,0.00002184,9,573164
18dfJky7t1RKWbvLoVGB544mdr9PwZ9dRa,0.00002184,9,573133
1Kt4y9mZRMFgoGyjrLa6vGcJ5SgsEZqPsb,0.00002184,9,573133
134WQkW5bm6XEFDEKeJySbTeLfXtFjzcY6,0.00002184,9,573122
1EQxiPydJhwVoyv4eRprumMkPPdymtUT7X,0.00002184,9,573106
1nwmKcuc6pod2C94KMgQ3BWMbQBz62ZGa,0.00002184,9,573093
1B49QskNP1AnGvRLCRh81o6oEcWqoGvMaw,0.00002184,9,573019
1LLz2VtaNViqXhkFFdjaCXcwDLPEH45Pr8,0.00002184,9,573003
1NsgsLatKNg2Fi9tJtYudSG5hu8K6NM6Nq,0.00002184,9,572996
1VLMdJeHFHJY7MCmTZ6DRwc1yZVUvDDJx,0.00002184,9,572985
1LQccT2ypFH77oPjdUN3ZNjSYDUbwtpfq4,0.00002184,9,572967
1ARr1SgKbg7wRiJPa3NAC76RCu3adUkh1G,0.00002184,9,572964
13Qu6ocUSMTsovjABj4bv8ekiYLKqhRX8i,0.00002184,9,572955
19kdXBk1q72K4zqBuWCwYfbtWcm1XzEZaH,0.00002184,9,572943
1NxnsgcncRrcwj2NYCbhCZmHfKWCvFpsQ1,0.00002184,9,572894
1AAFwDeWcQhskZihWmqpkW6BL1RHRCSKrV,0.00002184,9,572858
1F3FLmBvZynTgEgYDByPqCuzHfgPAWGGwq,0.00002184,9,572830
16tYkJCMoDeBYuZzLJh4BrvRCbwR2FEoAX,0.00002184,9,572824
1HfAiw6uDjsAgmLWXhAmDKWjbvgkHATH9m,0.00002184,9,572753
1A5ExShaJcJXVQ3AwKtc9iMCAJqDiMgetX,0.00002184,9,572751
19BZobY5dBasqi6XF3jQ7u3DRRaKTNnBEN,0.00002184,9,572744
1jckY44caLFWW76K2zxVs4yaQPmf1baM4,0.00002184,9,572743
12ZhtsZeW7pKsf9UABZkcig2zPqZ5RbyoN,0.00002184,9,572741
15XfX8SYUR2ka8aHP8DU4yoob5aiTQ7Sof,0.00002184,9,572739
1F66oCEaecEBQEC9DMDBsrt3vvTgorzBhm,0.00002184,9,572736
1EkKAvaL7MjoN63HWEUYzDa1if5BuESwaK,0.00002184,9,572734
1De39tvapHQg3hr9zh8wJ8wwVr1LoSskDt,0.00002184,9,572724
1EoRibX9jTeHULxP7KkBNQmfAeRtaDBaRF,0.00002184,9,572707
15CmmiYNkziPtJuxYvNZB9Miq5kPg3bbNQ,0.00002184,9,572699
1Lwz7ez3fSViR3JraVa9PQzZFAAf8R1cWw,0.00002184,9,572691
1Q58BGdJLmGWUmeTbmUGr5Ynjdnd4NMR8p,0.00002184,9,572651
1BoV4URpGYzwCpRRWyBdYAa3kvHZuuHpKb,0.00002184,9,572640
164Ae2EzJt3HHyFW2ijeUYLxDNGRRH3yY7,0.00002184,9,572629
1HyY1FVAhL8D4T3nfmnFLWshnZPmRkakBJ,0.00002184,9,572629
1JVmKPTb7udgejbnFmCCk5YiNoXcqj6bYc,0.00002184,9,572614
1GLeeeHE42uNHkZMLJwLQzdGc865XKaZSW,0.00002184,9,572603
1HNeWN5rsncKFtQmDvt1Ru6J53K7B23wWQ,0.00002184,9,572543
1HqkKshmpxjT6GWzn1DPNPgwT9m75UJ8Qp,0.00002184,9,572463
17mbhow3SWYQ7Ps4Nx1yQC7uU79p2ispNE,0.00002184,9,572460
1YJeppidybd5rRKYwBrpv4gfEZgUjVgHn,0.00002184,9,572445
1raLVLjYHUBHS73dpbaBa4uB4fALWA64d,0.00002184,9,572433
1KifkUKG9NweRYXeQBdwnbhGiE4rnKYegw,0.00002184,9,572324
12wQezpGLzxDNCKa2Z3Y7FN99BfvWeQQvV,0.00002184,9,572300
19fEMFJwMzEWYz4w38Js6gwMz6jeYc4Ez8,0.00002184,9,572274
12HrLrMZu7RvTyLQmp64bXdAdRstJ2zcAi,0.00002184,9,572176
1JEutGENpqk1CLG17QdgEbj4kHdFpxDCxb,0.00002184,9,572052
13irCpVv6pHiGsEp8Co1iCG5kKrFQGjtVf,0.00002184,9,572038
1GFQ1y638QoCip12R4BsZ5ViaRj7v7hdfW,0.00002184,9,572037
1JfkfhoaGh2GHKGaiQHamrVQZbTtwqC1aL,0.00002184,9,572014
1Jn5E6KCsivkYz43TXZxLsmEYaz4MaHBYr,0.00002184,9,572007
1MnjNQsnS4sgH6BhKKu8VopP9zuGXij4so,0.00002184,9,571877
1HPgT2NqSFqqxdxkw47Vgq3cDwSy8XxcZa,0.00002184,9,571844
19y9dYKwzaKPNzpTtz4ivvaC8KHhKLu5rn,0.00002184,9,571817
1435PDeXfBEwnTgSLKhYkM7kN7Cz4rqkYi,0.00002184,9,571747
146xKanHhi7rPapMnLKLDeykcGBq2M2byY,0.00002184,9,571716
1A8ZjhZWZKqYuRTfmoMEr6zmydvtZ3871Q,0.00002184,9,571673
1CoBf7aFYWAV1PQ88PMLGK6voJstPJGv99,0.00002184,9,571590
1KqjdTxEjpLqvDaCn1cSCfGPj2vGNDUpVN,0.00002184,9,571499
1GwvTApBXfo6eo75HpMB8gpQNdFx8CCqQr,0.00002184,9,571446
1GUeaEcPU913PcdxGcvmNvZuiiPiZRDZxz,0.00002184,9,571432
12J7bR2YUmcQaPGJpsMAwefX1uY7mhAKz6,0.00002184,9,571321
19pJchp5sphAKofg5ZrKwbk4YBEwMy8qDV,0.00002184,9,571315
1BE49AePtWepb4M7CTBYyHB9j1LQ4a4qCL,0.00002184,9,571298
18M1ysfV4iYCbPvPVS2abxjZEkkXNeajXo,0.00002184,9,571284
1JFD89TCq2XRGCaUzYM1spNCTzvytpELiE,0.00002184,9,571272
1JhcYtPxKYHAXLZLMMsjfxy2MpRN93ZkNu,0.00002184,9,571272
1GJRePyWdwUbkzdWbXrFnWTXTo7r7aVfNK,0.00002184,9,571176
1GtSkvJ7139uPxYALsLjMFdzCfnpRQqLk2,0.00002184,9,571060
1KMZ3nZSjqkqCBmLomPNZk7wmCKAzSkXhn,0.00002184,9,570908
1FcT2ZKRk6aSR3YuaiJBjJFhU9HutkhxMM,0.00002184,9,570879
1KV7eDm5KwQx9c2nQDt87vyYa1FCvuvDtP,0.00002184,9,570857
1DXjE5a5MDWmpjFgvGFJ11QFRteMxCUFit,0.00002184,9,570835
1LnCo1Kd4nWtwjyjDE19wVCLLXMqyv6ce6,0.00002184,9,570824
1Ficy28RqU5hUD7YUyTPeefRpzhxAscwPh,0.00002184,9,570795
1MQKwdmUbJEfDptZHD7JQPzd1aMzL4CZQT,0.00002184,9,570766
1Q2DkrBQhZkMsNtYebshWagrtBNHZ6zT4Y,0.00002184,9,570760
1VPncWoHzFmjigt5ekTi4BFacFDVQfB6o,0.00002184,9,570755
172UVFtvxgGuVFujiAwdt8Arax4yddN3cT,0.00002184,9,570717
1AcKkSy794vmWKifHG7rJ8xKYjpYazkbDq,0.00002184,9,570601
1MWwtPqkuAJyVbJ7NjEh6zN6wzgtnD6ukm,0.00002184,9,570452
1PSRnsvJaipt24xZ8aVcSRcfSwY3D521FG,0.00002184,9,570350
1H5VYXNEkmVumZSvmsQHdhtR9hKFGXtU2N,0.00002184,9,570288
1AFcDNHt6J5ydCiSubF6tngscs4uXyEEpZ,0.00002184,9,570145
16Dvkf5Qw19q5jX3S48Gpt56og9NrUAjRM,0.00002184,9,570120
1Mxv5GNZNz6AP3w1knU1GdrfQU2yyyNfA3,0.00002184,9,570065
1MiVFGGC2kgVdWQHRsZxsj4KdPQpsCdJeL,0.00002184,9,569980
