13xKVD9BLNLqDmPpYRFZaqG67Xfbz2TARq,0.,2,401122
12JqRotcDWw5ZzYjyFwis8ANh1KgBJSk7d,0.,2,401119
1KyBcJyBugGqZW2L1z3GgePM9Yw3Doyc9y,0.,2,401118
1N4XcV4pFJ21aRG5ijR9cxLWMR4dLST8VT,0.,2,401118
195FzpjLLaQDyjNxqfc7ywXn2uZDhYPKHa,0.,2,401117
1MECdVx1UZJRsqNCQHgkeQfddiAnhxf3j6,0.,2,401116
1afcLwhmpgFrvWHSeLC7bdgy7CyYMdKYr,0.,2,401116
18Wx4zXYdhmFKg7tNEiJmwnR7qBsXVEsqa,0.,2,401111
19e3XaBuxg282j5NkvL8Pjrc4sw4vVtzPw,0.,2,401108
1312mXsQMdtCCo5e9jKdG7xEW75Xw2hctn,0.,2,401107
1EXm35uDPkGARb7f2cs4Zc6j2rUHFituiX,0.,2,401107
12e8Wt8d3Bm5TPn8WYrfH6bRHUDReTp6Wz,0.,2,401106
1ENQbyXNGuNH8cTZcZYjWoZh5aZCwpUDfo,0.,2,401106
18cThv6ojENkBZBZ3CqFXZ9j61qDe2fJPV,0.,2,401105
1GLckiTc8pVxD2dgMZUEwE77rCyj24YFzq,0.,2,401105
1Mod9ipBsBnWQQq9VqQBw9rkgxCMZZqL8c,0.,2,401103
15z1f9T1o4D7f7CcrfgpgCk6fzea6rj5Zq,0.,2,401102
19hzeuQK1ECp6WpueKcvcjqwWTQUMJQZWd,0.,2,401101
1LCapeVMXsPMn7cybsJv8nn4j9TXBLP5XE,0.,2,401101
1NcFUnvNBC1riZozc8BanjZeU5Nv5CeNYU,0.,2,401101
1PJ8hjjgzMnWVrhtt775FR9KAyf2sH8bWP,0.,2,401099
1EqLCCPzbMVvW8AMTnScnX1tXA9SHj5rW3,0.,2,401098
1N74busVMgHTJFgEaufznpsVo8fGZKtt17,0.,2,401098
1Q1dXLdec5wUt1SVhLkhFSmyMVMXDHBBL3,0.,2,401096
135JAPB2C2WzeFGfpF8JdkHgbgP6nkiQt7,0.,2,401094
17pmYGnaevMWgPRKu9bhfuZxi5dxLuBAbH,0.,2,401092
1A83CXJxsizLs7P6tbzaPq651eYWUCFiKz,0.,2,401092
1C6AdM6qfqgxVdYyAPPpk9zbcJ486cbJuV,0.,2,401087
1CTK9jwxTnN3TBJoxwKDS2MPuyz9qcKLaE,0.,2,401087
1MoyQA39j4sh7ZawNnJmFHpFS8TRGb6EmP,0.,2,401084
162SwGmbcqvD3r6GYvdDMLPwoqYiJzCwor,0.,2,401082
15RTCVMpwQXHAKFKVF6D1CrL6WV4Zb4jjw,0.,2,401080
1MmgP2rqai5rjyEPTj5bw5qNBgcnT3FRwi,0.,2,401078
17TY2uTBKxfnWzfP24EZaRfyoEhA3gaQLd,0.,2,401071
18MKQCCMzzHHHFCq25Rbx1BKqtnZq2kT4V,0.,2,401071
1NrftcGpTKApTU5uJ9QYMz7j9tgrATvHJD,0.,2,401070
1BzVWwv7PURfqXoZ7fjHiQapQAKRj1aN28,0.,2,401069
14gA8bNhTgCwXtkkTnitJEqZx6raT4zx8g,0.,2,401068
15SPhDKv6nT3Jp5pZN5tgPCyDHeMabScF9,0.,2,401068
1KLMSJ2HgiQ6A1bsjSTabx6BLrB2gjLGaf,0.,2,401068
1KHixvZSEgmMBCgRmghwawWxS9Txg1uo7b,0.,2,401067
15QWJuLurHHy7rdLG3t31KCTdSf4kyPTiH,0.,2,401061
1B4JdvB8cSEnaGv8EPR9iwEj1WPU9wwzMN,0.,2,401061
14dvXkpBW9QmaYCerpk9m4gUnoNpvYmidy,0.,2,401056
1JKGhdoyv6466XJrmN6Xrb7gJwB3ZEkpFL,0.,2,401056
1JZcQ4XfYYEZpKZEpPEmKLHvrKuBKMWd97,0.,2,401050
17uLFXPd9ba85UXwNLQhp5d9FK5h6ryks6,0.,2,401049
1FJmoZ1QvNKxgKSBof2vEcbBmd9xJQSMRo,0.,2,401049
15qV3xw3woASYdqbBeEdtdFoQ8CHuehTTy,0.,2,401048
1PS31TLDhprqTPpYhGsPik5R9HjNL8B53F,0.,2,401047
13g8ZKaRHGka3ypEA8HPiA8PUDcGSASmmh,0.,2,401046
17MxbYdGDPHPobetFfg5yB4mEGy2pctjab,0.,2,401044
123E7YsgG2duUfvS3ged82Z2vFwAu5BnTc,0.,2,401040
154RoyagL49BAxxVxZCzJmkLeL8mpnpuTi,0.,2,401040
1JadzY7UYsXD2sUmp2CELe4cdUezUqh4ib,0.,2,401040
1959JkYxGeHmHH3YKgEPSNcWxmPhM5LD8Z,0.,2,401039
1CHTX9FuivaAoHzqa4vvPKrxViQkJLK8zE,0.,2,401039
1E6CjHvZ8DMN7ftoUFNZZxm86Hif2fz7yj,0.,2,401038
1FBxtgL8gHATmsTXSKSVcKWQUgWvzAuf6y,0.,2,401038
1Hac3mq3PFbABVWxgZTcTyXoxLArry4ACT,0.,2,401034
1FiFZh8FwSqnrx1eHg33nNxjzEds8X3X2e,0.,2,401033
1UVKTaveMWD9tg5KeuQG711pUbqVC8fTc,0.,2,401033
16uRpQ6epmqy4LDYanniYm7KevnSt5T5VG,0.,2,401031
18AoUkCiju3wFU25oHXcpJVnMh1AzW2TPd,0.,2,401031
1AVfbwjaVpPXtSAQg87ioqna1qC1AQKfuR,0.,2,401031
1CXvfCGqmhcmT7bHh18cChpuCnAFVjcgkp,0.,2,401031
1Lo4FGH7DsDdApAV3SWy5WBMzWfDygFS2B,0.,2,401031
14Rahxe8ajhEvmrHxX8G6KvmGarNLv8YPp,0.,2,401029
1KhDs5o7WeEHtDyKSokQGrtwGosEzKoKEj,0.,2,401029
132ZjpA8xVb8gHFbUs5bQooHQFvSxVMec9,0.,2,401027
18vuhzWNsTSuyqF5m3Du9DZv6JFP2LbwDK,0.,2,401027
1xvcqFR21tB9v1o9fW2CTDfjRrJCDuekc,0.,2,401027
1Nyri5xXh6tRSiTKduxTMMfSW99Ak72uBK,0.,2,401006
1CEvQscnMZQ6Jc2cas1zBgXjeJ3WJsoMih,0.,2,400997
14HuSUKciAkVTBkc3eyDLD2Sve2pvG4pov,0.,2,400993
1Gzt6Eb4RELhMwWshnnHJ3Bcxpu9HJAkAn,0.,2,400993
1A6SJBLza4z7chmbDnM4dn1BPDBBHWNfoD,0.,2,400989
1Bdr5QemfQKrpqjhE7FodjPdJQBBi7yH4P,0.,2,400989
14yGUNNyPGKKJUBB51CQEgGVD1cYAa2roW,0.,2,400983
1D9fBrQJBMW3MFHLxJEceqaR2XzZqX86Ep,0.,2,400982
1PPwxNsNHKvx8hg3ogFJ4hLnzcCvo1t875,0.,2,400981
1DJxxbWMkYqnqr5MV47RoqTECH5AdxD1Bj,0.,2,400979
1EjcDgpsWoXNNFXBpcnVSR14Srk4NATg3H,0.,2,400979
1P7tHeyiEAZh6YQPd8LoiDxo9GBE3qJnDL,0.,2,400979
12WSbqFrV3ZhV7H2RmmAkTY6kmxG6hA5Uc,0.,2,400972
15c7y1PH5a7oDDJ65Cysb6ECvAmN4Tnh9w,0.,2,400972
1CEpHkKNkJRP77PgqUvQpVw83apCYZupR2,0.,2,400972
1JUaVRCGg3aCvMNe4KuosQ33MxiWmzMuVC,0.,2,400969
134EJK6fyaes6NrwaEABuwP4jH5cKarsva,0.,2,400968
1LGTNVK6WsopdV5iJgTUq8xyut8yxfXxzC,0.,2,400968
1G4Cuoe1u4yx1Qby7aD1jfpGvUJ6NndEDv,0.,2,400967
1KiTr8DFMKi8ABWz6V1wPhozMcx7THkRaW,0.,2,400967
1LZ3MABwGjHnzSE4B2XFB8Ju3kDgmyB7i8,0.,2,400967
15HvtXcPHpY6XtGngJE9s8sVAzHaYRgv1j,0.,2,400966
15QHeQfbfBULScBPsPqVnMp85p6RyYFLn2,0.,2,400966
1NHU3C3UCWbCHPrfuQheUK7YyVGRwhZHSv,0.,2,400966
1NtFjK98JFJAPB6TrLUAqfCCNhSRkooBzD,0.,2,400961
1JAbabAo4vJ4eddg3LP2QQ83PNszggfArJ,0.,2,400958
1Ff75HF5afzKv84xhh4BDgCFgYWr61Wrrf,0.,2,400952
157EWUJ7wrgmQJJ9eU5JdsyFKw2JwpLM18,0.,2,400951
