17zwBNHgcHZqLYU9SXuty8YfHdRHD69kd6,0.,3,470085
18rNjGVcj8673SYbSPeuHwpRU77r3HS28h,0.,3,470085
19MvUUgNWj9MDPHuufMnKSXEifsXxhLi4X,0.,3,470085
19o928cEZsJPWFw5sDkdM9aVc9f2yxNo5g,0.,3,470085
1AUmnh4YwnRpcff5ty2hQg6kibY62VPEBk,0.,3,470085
1BE54bBgfVjxiydQgBL7oM5BLtfyHWCGKp,0.,3,470085
1BFT5BV4Np1qw8WvM56GSv8a6LRmfs88Ut,0.,3,470085
1BgdcAnsPH6cKC4fKQ1X6MuUiNniVw2foZ,0.,3,470085
1BjpEmhudc3Zyw1b1k15jXBHyQaFwvtZBe,0.,3,470085
1BnsvW3tY3QwrKkEHwVeVuLBdwNQCwUVXH,0.,3,470085
1CYrS4JY5ypmomHJ52DHaPsqfGVSoGaDe1,0.,3,470085
1E7K9bbxTzfVHmENmG4bYtheXg8bAYLehP,0.,3,470085
1ERzYo6EpgGxQ3AYc3PRyrbb7qB3drEWAn,0.,3,470085
1EcFTrKG8DZe9HZaYbBASFPVZsCiiJ5ms2,0.,3,470085
1FGmU91cxDvw7CHEmv1uqy6aAbAYqbVixy,0.,3,470085
1FjXUWaKYzdu1kPJShNKar1JrDhrWozCYG,0.,3,470085
1FqhvoW6XeP3UnssUF865L1BcgE7UppTio,0.,3,470085
1G7eSKQZfEUPggmkbcXMWMfgTFCLxSTXNd,0.,3,470085
1HnNiwqznLYN8wbBwTaFM6sP6MnE3hAhJH,0.,3,470085
1HoTYthJMTgNJaNpZQZHCnNucifpSByuYe,0.,3,470085
1HsfLTdr548Hw755U11JEfkpRgy1BomW16,0.,3,470085
1JWkJ6Aj7LVA2F4cxZK98GWXXNfk3UYE9P,0.,3,470085
1Jcy2ZxbUiacDjoGXS67ikjEXPWGVa8Du,0.,3,470085
1Jxt7QFPCtAnfzdxVNfK7rBaoivkcQTmYx,0.,3,470085
1K5YX6A44s6fvMjFhexoLbD2mkWz24Gv1p,0.,3,470085
1K6oZVtByEE1TYXU869fjt8JFrKiSKX4bS,0.,3,470085
1LuZwNQYZMd6T2drYdesmcmFEfGvj62RtW,0.,3,470085
1LzsbWdWvD2myr37V6MN6ciNRUNnpBZx9Z,0.,3,470085
1M4d1B59WJjWhc27o8wS952ybctb4WABCv,0.,3,470085
1Nh8TZMkRxRvv1zS7kqP67FVJqx79x1m7R,0.,3,470085
1PYEw5FH7nRJHQH6bD2jp4u5rKHtUkQ8MR,0.,3,470085
1PzRutrLDj6XbEWVtLSbjvPhu2pULdCkjU,0.,3,470085
1Q8rqnBaH31ZfdmX3N1M9FPHp3hcf6Vjrn,0.,3,470085
1QJmviw2rP4aebVzP8njYjEs3JLJtJAGnt,0.,3,470085
13MrPZ6A6LtTmmFYkqStVrHGLthMge7Ehz,0.,3,470082
1HwbZND4qrdDSWtFhbuNRVqEYJGv5hokHY,0.,3,470082
1Kngx4zbAWxyqaSV1MfnMVhpsqr91Eso2G,0.,3,470082
13go8cFYrwYEUrU5DepQKyA6BGikufUXB6,0.,3,470020
15xqS8UcdrfCD72PYLzMxpcbf1Ha7d6Ryt,0.,3,470020
17MS4ni1ymZR5Rthr9a3Cz3aTztt9VNUjz,0.,3,470020
1H5E2TTmNsmyRVcYpBJUvP4bkRa5riaxGP,0.,3,470020
1LAAXzFi7fCkyHpk8wHwCgZWQrY64coPzr,0.,3,470020
1Nbc37bSLqRvi9eJFdVKWqg1zENz3q2zPP,0.,3,470020
17bX34Ne2AVbg2irK9DAp81yDhapRh3cct,0.,3,469990
1ChYw32QtUA4C6boQX98EsomqYvnQmRMko,0.,3,469990
197zx6WjAVi9WKjLWPr11mtmKZSSLnQxVW,0.,3,469983
1MxdbfVjt7F6F3QuxW83SgnsVLZoY6BWS8,0.,3,469979
18MWUbjwNxwjo9q7X2WoTPsi9bmSHmRhYE,0.,3,469957
1QGMLcjK2EQaV4uVfL7GdVaq7byyTKetYi,0.,3,469957
1HAw17FKPtW9Py38tCM4gM2V2ajJtngMSn,0.,3,469954
1HSLyLpWD727eFKBb37BHbNm5FUUB4RxSU,0.,3,469954
14zr1LcK89QAUN1GRCi6wLzhArfrQauFy2,0.,3,469922
15jG7ED8HiKYdPJozLZqGZtkxbri6Z9FK9,0.,3,469922
16PyzfepWqaPtvrpBar3jdk8vekFMtSG8P,0.,3,469922
17DNQM2eP8DY9Wc3CdMUTWMyiRdXwYCaKH,0.,3,469922
1Bge1FxcEYp3s8uNfhwqV2Gjr9zV6UQ1Zh,0.,3,469922
1F9tsfnFLxek3zqpKeBargk3LmB13Sdybx,0.,3,469922
1FxCSbz3NbJxA15uZjRcz1s6aBJzkeun38,0.,3,469922
1Gg7YcWra7qBncsuLv65RtbYabxZWwvcrh,0.,3,469922
1HYXQepXRr5JbVfeqCQdp8eRRzQY1g2iJe,0.,3,469922
1Kh4CLya53rrBLdcZ3cQ9gZqmoR25qGSbU,0.,3,469922
1LGVSviUMvdVuzuGjLThFGRcUmtn11B2i7,0.,3,469922
16RDfttq8pVUKKKEkQo1T2YhH9PKiKumMs,0.,3,469885
1KAaoXHiZDvtbxkmWnRxMNsmPJzFcPQtqY,0.,3,469885
1LiWQ95bJVjsx1uSZSRWJCS1fF8wq3H6L5,0.,3,469879
12M7h6fahSpDugCAYzQUKJK9QuFKdwfMvg,0.,3,469873
14Rp6PTUXzNtBxXSnmHU68jTDpDNA1JpRs,0.,3,469873
14V8PdNcLPuACncScJcNySzV37KB7HfbsN,0.,3,469873
14xJQx74LcFUuXdrgTQ5iXBzZ9vR8cjgzV,0.,3,469873
17q6zneoq2Sd5A9vxXW7wf74WpeZdbz2jH,0.,3,469873
1Bhqz3LEeeyh8bTTLQFnPFTKEH1AnYHgf5,0.,3,469873
1F3tzUCKY6N44vvXXV8vtDEAeW5TBVUi9A,0.,3,469873
1FrRBkzSLk9Qb7w4ZX8KTZtFLUuasUFzM1,0.,3,469873
1JnQ2VXHRaPGHdrc3vs9jWEF7sLc2R6Yvs,0.,3,469873
1N7T4CVdNVZCQQe8pb2FvUuhMgGdd2Ysyv,0.,3,469873
1QcMsWEoidnYt2D58vdLrCKhPY2UR4Ktj,0.,3,469873
1BVX8KC9hhp9dNii6BzNPkUisWRVHFbAj6,0.,3,469841
1DiSJX7C94gKHSbZ61UtjuR8qsig1pYnE5,0.,3,469838
1ENDNAkFApPV8FrBqTaHwHPV2q9TRj6EUG,0.,3,469832
185pQXRJEwSU2tHmwZiqAn1Nw5cnGwbRaB,0.,3,469829
1MqVTvf78poytjaws5jcVGLPSPvR2FT3G2,0.,3,469829
1FmrCzfCKcmEYei6KPDWvjjbqhDBP6FoP,0.,3,469823
15rwwwkQZ8nXKgrcr1pSdHHzLvfiusnqcj,0.,3,469822
1GwQRuG1jhC989tLzERA3SbctUbyVu16RX,0.,3,469822
12MLabR74Kr8aADU2TCFJNenF2oMAeKwB4,0.,3,469816
185T8TVASPCsBrsw5xEubEQEAQXahdEd1F,0.,3,469816
1iLnUxfPpHF8NaJtTwozfUEkatshRj4Eu,0.,3,469794
1AzsuKuPzo8msJbDsfv1aeyrmgSj4Je9cd,0.,3,469788
1zjWKsSwDbazPhSzXpanPWBjaPMpcbXTf,0.,3,469788
13i6QW1npofAueL61Lw1PedZDAzodzSSNd,0.,3,469781
14ZaPDZGpzFxbX8jstSa71xqUWqCqhvNno,0.,3,469781
14a4VQN4c2MrmBAMSTqcinXUsMKeVV13K4,0.,3,469781
164egKnMY4CZg3VyVvvSwkCjbq6s4cnm7E,0.,3,469781
16jMKRC8x4oNPWpxXQuwDmcCHQsveYpHAa,0.,3,469781
1DhRUK8bFzAVRHF8Gaqp9mbAmydNzFWeiH,0.,3,469781
1GmQmamgK7xUsVDRgxfZHYH7pCn7KEfAn3,0.,3,469781
1LUfJML4pmEJtuTWKLDPFi9vfnSK94wwNi,0.,3,469781
1NsuUsKNuFPUdDfa4uJ3xnMkdWhUEghXqh,0.,3,469781
1dkAxhcgTRUKiZ6MokKNyPnLUVFkhyFgs,0.,3,469781
1NMPsP1ZFU3WfFZQwh2p35yMD9oNkaQAe2,0.,3,469764
