1MZZKADi9zFhTEtBARNp6a5ZDe8vjfdVR1,0.,1,399453
1NebotHnTdLSC7yLYgZEQYebMwp5ngwR6x,0.,1,399453
1NtiohQCCcfsGzxZjwYEXetbxgaizu2fKG,0.,1,399453
1Q6yZhqbx3jCXkzs9iyPewhAhhXmjXtqF7,0.,1,399453
16zwheH7rNeoYH1NaRSJFyJNiSS4TKRCjj,0.,1,399450
1DCGWxwL7UcFM8JxQ56XpGrXkUcTVaJVMM,0.,1,399450
17ZUDxtKyaBV1g5PQfeqhcKh5x66kaP1XM,0.,1,399449
1GxuiGwjv5RAWwMWMP4LBRdhjyEFop5Ci7,0.,1,399449
12mrtD5HDfzbiCzJTUbrC3pUbztTRZVAsc,0.,1,399448
1M9EHfJAH6XE9MBad5ZWfNBdbGJqpiFhm5,0.,1,399448
14PPxaHPAYhyQLXzm516RfLRLr7tzSZ9oW,0.,1,399443
1EU7FZMh7dihDDvMDvr7NHjkFVeDryJdKr,0.,1,399443
14t3Nvx8XHYtKYnZEYip6SoaXZhH5eHesS,0.,1,399440
18GthGjozYG7qU9nZuk84y8nLXbLx7i3YB,0.,1,399440
1AyuYE1Jvn9kEUoqKs2hvZ4RM7iqMJveLu,0.,1,399440
1B7pLiqxBZ1GELQ7iSHvjmumUrpDtG9MGP,0.,1,399440
1CJS3tpYXV7chBjaV7Jhi1RNGPG4HRMsyN,0.,1,399440
1GkNgoPYcoCs5b2V3hVAQrvf3EJa7p5bJ7,0.,1,399440
1KjZswHQCkya9wWsigdAUS7P4qnK1JQRTK,0.,1,399440
1NoK4bVFqC69xecS7EFkVtXFspLfEjJZxM,0.,1,399440
12NKLWjPuiBZ7M8JKLia8hNnmbfAYV6ys9,0.,1,399435
12bZQX9gpAxPS949FN8H2uMis1xK1GYCiB,0.,1,399435
1589tnQqRLj26SmvzmyBqKVXixpdpKYeyz,0.,1,399435
19xsh98wQPZvKeTb6pm4NpGQp1h8soMxhS,0.,1,399435
1EEktZyz7ShrbafhoQQ2UdH47Zuntr7FiK,0.,1,399435
1GWuPzTEh6UJLNWgFwyitq8mm3hH57pmcp,0.,1,399435
1PQeqqjTJEB2bLi2UrB9YqsMGbb1Yfv44Y,0.,1,399435
1FH7sngLfCjH62xth7UFFKrwapBdJie9Kf,0.,1,399434
1LkmGAP51NRdXvhSsHnnYASaaHbkDstr4J,0.,1,399434
12yMcjHKCSJ89N6g7Ma4VD6iwM6o8BCJvy,0.,1,399429
145DUtWTLWPaNE49cuQuKCULzU8xrqy9LG,0.,1,399429
1CCccBnjNpmH1Uq2H57E1JHY3rNGDdgfiU,0.,1,399429
1Ns3tfRSFyN3JZevMxciMzFtfSwTZPBoEi,0.,1,399429
1CcM6pqysf6AqNdrUo8SBQp6nZ6WyR1DiM,0.,1,399425
1Dh3vkCUEuPjj8gKfXsjAvfn7YVUZhpPH4,0.,1,399425
17EZLHDxPKvWv7bEggGHUEBYqoSm8Anur5,0.,1,399422
1Kth4jWmwFioqMcxUP1o98Rs1qtyXjgtzs,0.,1,399422
165Sp6CLWxAGP6wSLkRu5MTHojeisojSbF,0.,1,399420
1BZrq5V4FSR3w7LZUECdgrysuyLdCeaKUh,0.,1,399420
1L9xnTd4a3o9rNGEfmxmu4u2JqYdBhrBbH,0.,1,399420
18f28C2TywVjgtncMtEVrPi7yiDDwGcrdn,0.,1,399413
1G12CV9zQMYDEPUwN2pmtdWSFKgMwm3DqE,0.,1,399413
1H5kXrtXwLwL2kYJfD7e38MqJHzei7gh3b,0.,1,399413
12zcr3bMba8htbtq2GJnvPNnjRaKNSZQHd,0.,1,399408
12aXr6dUJR9Sh4TtHumvb7tmGCXKraLAi3,0.,1,399407
1852NXAd5Y512urmDY6h5wR41AgHY8kXyK,0.,1,399407
1GBAdoahaqZowVhnx2fEchkPzLgMKja6Ad,0.,1,399407
1MXRR5yVCRqFwsPHRg6ikJ4wKU5WdPMwoN,0.,1,399407
1jzzTruTQLMydq7WGrrqeJ9j1xPo8WmFK,0.,1,399407
1E3vTdxvFGoSyP5CY4BfjQZELPdAYXZAU1,0.,1,399400
16YSjU5BVRh6DGYcKYbe1eZByH2wrXFySw,0.,1,399399
1Cfbr4M1VFWBEgC6iYLpeLAg3zYRi5gJr4,0.,1,399393
1244rbwvxYgfx4mUueXVmfdBjyE9UKsTac,0.,1,399390
15XNEfmAVZXGx3dn4faxpAonqSGuX4549o,0.,1,399390
16ssDgnFxJyVQh9Hu6XgRgifXnsdiFuaok,0.,1,399390
1Ar1rqtGU1vaajhFV3MgaPaETkFBzVddn6,0.,1,399390
1Ca1xJcSNUpF8L2cnJQtrZDteoGtTHVr8p,0.,1,399390
1FGHtMe3r2rQ5T7jayhCAXgkgFNz8s874W,0.,1,399390
1zeagDbA2jCdYFM1vxJEc3mqBCUgraRik,0.,1,399390
15cqzd7STPKiqRLjZ7nnSZQeyEzyWxwXHP,0.,1,399387
18tfxbtaWpKcpNcmbR7zCN7SBg2ta8zFYs,0.,1,399387
1JY7g4zNywbDMESASwYWft7vZYDig6yQQA,0.,1,399387
1CsucVs6vMLEELvppTVLFEDrgy7tNLE3n6,0.,1,399386
17ba29izTaxtP3i4sQzXZX9SzGeVMdqoBK,0.,1,399384
1LUFvWWwQSSzrxpJgRVgefLnzKZX4iCrDW,0.,1,399384
17uhkxA1TaGBccjhVsNWxxcVKRyK8YaD6m,0.,1,399381
1BUeH62c8GMvoQbvEhZoQrEaojqMyTaQyB,0.,1,399381
1J8DKuWH4sptRYEdFL6Hdg7YnYg2ZrSeRt,0.,1,399381
1D6v69ySFkR2qt2PQEDzmsp8qYZMEhESPh,0.,1,399376
1DtHT9QYJ2hqPDrYjqiQ5bGNTMZfigg5PA,0.,1,399376
1KqrW5fpJNqCn2Vr6AvajFSLVHB7Fbixeb,0.,1,399376
1xfNys5EDeQvULHAFN64NpYoHuxBW4JNf,0.,1,399374
13QwStC6KDAVNqfWBRmb85axqUKPXjstGu,0.,1,399373
15ctQ4aSwtEPMZVhhxwHhxJH1qAy4uH5XQ,0.,1,399373
1AJyrxE9yj5hR9UtCAAzrT3UQi4VVEfEVR,0.,1,399373
1Dq4wnvDABng6Qj8vAbojcaou3MyvrEM3P,0.,1,399373
1FAhwZKz2sDTng73iSL1iocWFo6fKEmbDu,0.,1,399373
13NJpjs8Hpp33buYmJJgHNs1vy9mTfdSrC,0.,1,399371
1DrnavWXm2FF2vaQa5TQP2CaYNaux7GTjY,0.,1,399371
1L9J8c5cdsj7xwkTa6DXHG72et9M4EiqVa,0.,1,399371
18ufsCtjRyuLUcgF2pi724aqm8i5aY6L1,0.,1,399370
1JEVkDGTk7Y5JXXyraMdQeDhNcgcoT9Xx7,0.,1,399370
1NSzyHeCmoz2hPzxkraUBkMucrymWNXZnQ,0.,1,399370
14ZNaDvodaM4nVx7h7hRNAAyY5YeYTgWWR,0.,1,399368
13jZdZb3p12RvEJ59F3LTr1qEs6W2T5kdw,0.,1,399367
1A79Zyu8VKxZAJjxsGj6Mq2Gzxjxqi7Q21,0.,1,399367
16ag5xWBdZEFLLDV3LHg4E733RZERn2gJx,0.,1,399363
19jbn6MjfAvjp87ZFTV98Ggf9sK2weTvJs,0.,1,399363
19vbkj4fcTQUKWwmPvzgsGXvEywffW1PXA,0.,1,399363
1AKBcWeyUweHXFzFNyL5WedXYVSezo1PkK,0.,1,399363
1B83vocn92nB2v5TMaXsTPhoYrpt4L4DuV,0.,1,399363
1FxyEybfD32po4rgpPK76g5odx6z9g4SeB,0.,1,399363
1Gwu18PXP7BNygL3zWVDZ1JdQjo2ToG8YM,0.,1,399363
1HeLQnw6TH6g21TtjQuDGGVFGgG9VSEKPm,0.,1,399363
1NiUb6A9NSTQ8wzFMX9v9iDaPvrkmuWqte,0.,1,399363
13dr1jMn32mJ9VxXrVCwGy2tL5EoTcBr2L,0.,1,399359
1A9tyUqeYHFpLbJZAoLxvsnGbdDujHC57u,0.,1,399358
1DAWVeeh2uYFXv75LK9oKbm7e5jNDMb3B6,0.,1,399358
17Vu3pEcFbsetxAXVntnLyPYNhgvJdDoUK,0.,1,399354
17qhQh8H39ZzfNaimfns5HH6YtQMtkU8qU,0.,1,399354
