1PTaRvb3pQpFB64GAhy6RLTAA6hYakyhnK,0.,3,273299
1H5UwGHub9BZBpgkShsrj33LV2zpupFAb4,0.,3,273293
1Kt1AAnZVpxLUifin7YmYhcQ6BAVU2Vpjw,0.,3,273291
1B5XeXndJ2QNhgCdjvQcURFDiJQfvyZAAi,0.,3,273276
18zAjEDkstFZFpLp7sUEKvhyBopSra17Bz,0.,3,273256
1J7zY78tuTtKxoYjTCLATkwToRvL7Dj6oh,0.,3,273256
12aZANS8vU6mNhq4VDb9omxi4pCSiQhrJs,0.,3,273252
1MFYUvU9aZGtGXJnuBUefJt9yyedmkdjK9,0.,3,273248
1Kj4pJwXJK9FykNLdkz33rabGFxiTcVy6M,0.,3,273240
1Ea9UQJs2UJuUSij2FDQ7HTP2UthioQMc1,0.,3,273220
1NqYpoXDpWREEZonaWgNN6U1Su7u8jRzoF,0.,3,273216
1Eridzdn3dwW2wPTAdvCHK7KLEBzxAMF31,0.,3,273214
17kBkgjAy7DJBAbED8HBvP9gsctzkdYJ4X,0.,3,273210
125rVA2WgDsH3HKfDycajL1J33P9ZdmLN8,0.,3,273206
19EMd95yBtokrsC938SiNvARmxeQTSNsrL,0.,3,273203
1HWdKSZ6947mdz5uecrLXcTXiJNtb1Gg5g,0.,3,273203
18dgQuFcckb2Sh5LLiwUMxd7UkRSTyoqSV,0.,3,273200
1FtorXcWTc3K7MmhLXrjorzTv3ZV1G3tc6,0.,3,273200
1GBcHysBmA2YqrJ8nxQwNcYyX7MyvtHL16,0.,3,273200
1KtbZRx2eb9wPfwC8wti4ikRBzk54CCHh1,0.,3,273200
1Lo3tSf54B4neZW1316nL7QhG1rZPqVXbe,0.,3,273200
1NwyiP4HRkZuJjVmkccC8aBzgSvLq7qehQ,0.,3,273200
1Mxc3qVKjcAJa9fkFZw1wbiTaB75ESUnK9,0.,3,273195
16LVGGzZJMj1e6wDrYpTS6BXd8BuFjtXan,0.,3,273189
12LsnR8dYgRX4H8X2gAp69oJZV8J1KbUJs,0.,3,273185
189EjAkf2JM8RmQgLJadv46LcwNy9TrDfV,0.,3,273184
1N1WsSVC7yWwdLDBe5AQqhrq5c3gFg9isa,0.,3,273172
14LPqAQMcqoLSvar8k2onWXYKpeSXScKsB,0.,3,273171
1E5TRQo3wao6wjRFFcic75UgaXLr9GAY6L,0.,3,273167
1K9MyWCNU711u9NecSagArsfUvej1v2ieq,0.,3,273164
1KLRmTrVwSeMyhWRrf35raYYvgXezxFBbj,0.,3,273164
14jBM2pLGUH88Lp9xSgXrpJWP1SPhgpos4,0.,3,273161
113moQfwyRqKb282d1hzFzAsqw2VCNXo11,0.,3,273155
168UUtM8k2Wxw1CTgNZN5dDFRvXsFqvqPX,0.,3,273113
14nSEYN9qdX9PasGuPHFcoCBTL5RA5q26r,0.,3,273105
19GZNVrXgoJnCAz2K4hoUFrRWbZ3XmZ5Yi,0.,3,273105
1FtyCWB94TGxnmvxFDBN2AenZuY32Kmb5h,0.,3,273105
16vqBvAQPbwxFVdrCoZwp9tPWQcjhHc1m9,0.,3,273101
1N2PWzDVqngJLn61XYhLUob4wiPm5SQZg8,0.,3,273077
1L5ThRijCHCNXa2bfRUWgLePnmGWs2J2iS,0.,3,273070
1KihyKsYNgVdomMUaVea2DpqLsbRinwStq,0.,3,273069
1DyXk4seSKdLtekixrdRk65YefDWWnWX7e,0.,3,273067
13aqsWbZG7f6TeUdgb8F1LjBfuwHPMU1UP,0.,3,273039
1CJBtBAZrmViKTDcn59BjxmkHW4j3vPn8m,0.,3,273039
1DQPv34pP2TYrHwJHeEUCAUDmB8FscMQWM,0.,3,273039
1ND5ADMbXGbUjbqzvuyUiwz1ZLwWoTy9XY,0.,3,273039
1N3LmynMHcCaXXBQS8J7b6DAX1HP3Rrovb,0.,3,273028
1DkG7FM5xuVaxuGietVGTUFHhnChGJ2idx,0.,3,273026
1CgxninpkZxvK4Ugt113u2BWRxjNZtjpQB,0.,3,273005
1P9uVfWf32hmmcm5rcnW8ARRseidSAY7W,0.,3,273005
1FTPpCZLuGqFyDSrjA67nkozEtvrdSr31w,0.,3,273004
1Lh5bTctddhU8wfr6o2WgopRxgzHQyEV2A,0.,3,273004
14f8CaLMAdptcs8rRzZAAB2RyZ7zXg2rnw,0.,3,272993
1BcTSLb3gNm2L2rfxYhpDbeQBZuABWwGwP,0.,3,272957
13drMK2aRHTG1ziu3kA5Lwyw5AcFS6eqYF,0.,3,272954
1AjBpASL961TjWbrLZonXweZHisBWKFWaZ,0.,3,272938
1Eha2r66m3AzAjSJDb48VzfFP5dC2Yt94b,0.,3,272928
1BDcDNxfLxvTQfBcsT5YWfTZsDeUCDqAFv,0.,3,272919
1BYQMAeyogUcmq51SZU789qT8JVDchZNHp,0.,3,272908
12teZVc4HvnJzh1NyxjyPLkLBmLtQyVv5m,0.,3,272905
1CXVtj2YJKFAjtjrxWZDszX14DMgXLwTUi,0.,3,272881
1BvHXGnMPzGLnsYoiRkd16g6hQi6kNFTM2,0.,3,272866
1XSvsW28gqpCZXaMkDyMGcc7cGJeJREDb,0.,3,272866
14BDdipHkssD9q1YfSsH9TXC9Dmhw6q2ix,0.,3,272861
1GgVPxt9n3EHGqZ1gsj4mB6FmosR4GrSMd,0.,3,272854
1QEpA2zGcWhk2dnTtiA7Nfyj2q2iaWFKXP,0.,3,272853
1NHKb4bWLaEJgAiAZ7v1gvNwHWokrCQUgR,0.,3,272835
1KB9C8hvQCbyHmD7r1VdRjtkw8pc32FpaS,0.,3,272832
1JGifcuDGwVaLcukk5bVzbf2FPUhErKejr,0.,3,272823
1F9g9cgxBb2Jpm91J1iv8Zg9rJ3UJxKmrX,0.,3,272783
1PLmF25aMhnunBKgJm1uSvv9XbeHdxEqzg,0.,3,272763
1PHiaWue55WFUVUFAiM2e6QfxuyjUZiiJs,0.,3,272755
1vTtLhGSfwkCCaEtfjyQg8KgqzFWYvjB6,0.,3,272725
1K5RN5Xb98kCi2SLwmU8DU7KKmZ71Ks18b,0.,3,272722
1ADQahAU1r44HpV7F7hoLf6LWtVJAtzFso,0.,3,272715
1AKWggQYQsDJRu8ejcTSPKQ7HFDh6htHHZ,0.,3,272715
1LD4dnE4CKmQAZvLoxa7ZGy2F6JpzYqA73,0.,3,272715
1GVf4iZ28HCMr9161jLp4sKxXxwuefhYDa,0.,3,272700
15kWwVyhhqHQosahWqmtbcyUK2XmUY8rLV,0.,3,272692
18V8K6QUS1DEoWo4jUkGJWfJsSLrQMvpBw,0.,3,272691
17x9jJmG2ZjmCXmKy6MocCc9XvS7rkUNBQ,0.,3,272689
1Am5f72SHGBxUjy5fziHNb6wejVUT68CpQ,0.,3,272667
13JTLRZ9CYAJJ8Hy83We42cKQNJ1YwcXHM,0.,3,272655
14ZEGdch2KRXVfmb8NEkn9a9QmswLB1dJ2,0.,3,272652
12zcuSvaF5UBfSMbiBw8FtZBTQ2SHJAADV,0.,3,272649
1L37RmeTeLN5B2QhJn6SNSR5x4k1XS5tq3,0.,3,272643
194BiKxY3mZt7jS2PznGBZ1MRVQ6AF738g,0.,3,272628
14vGoCuLEVP8BNBg84wTF9h1gqDiAntS2e,0.,3,272625
1BJ9eZzzkCVish1wH9L71JdajkDGkmcmk7,0.,3,272609
1Ghe5T3sGApG9chaXB1LABtA4N5gjkf3rw,0.,3,272603
1285qsC5NJAGJznYAAGfP8sMy2oRiiUe1w,0.,3,272588
1HMt1HDCbGd2LUzwEkYuDAtFNbdK27cs2i,0.,3,272571
1GUkkUt2BvFGQDiSfZyoFHLXhv1UHCS8WL,0.,3,272569
19CaAo8koNcfJtFkQEFf7Q48bg1kJxuni3,0.,3,272567
1CRBxUoXzmrWdT4EHEakYRP7LXgZRhfoxZ,0.,3,272566
17w3cHSEx6dXGa3dKppDWqvLzrE2fU1gi3,0.,3,272565
1DjfSeB9tDHd7j1ptd6GFiJio8E7f6i7HN,0.,3,272565
19uaS1A6dLYhasgpP4PbcNjTEqstoBPNDu,0.,3,272558
144NmAjR1LL3mSFvYKC7jhfDgC1kEsPgMc,0.,3,272549
1AGY6WvxQGJS8EwUyCxuaXwkwQqF78unvk,0.,3,272549
