1PmzRBbrM4NEKtZT8SJsRPeEhKAvTjgvPo,0.,1,367709
1N22r95Zi7fTuJaum3ruX7rNG2PnneKJbC,0.,1,367654
12LmKMbp6rRNu4wZQkRAgyubxEjaRbZuFg,0.,1,367629
1M8uwzVFWqiEZLLs2EickhiJBEVMn5Qgaf,0.,1,367585
1MBTqj7sqmqirmNXhDgCKEdmiSFmPVuAxQ,0.,1,367585
19uvgQtxszWe9dCaShbGhq7ME46uxcFR6Y,0.,1,367558
12wU7Nrqz4FufdSYew12k2sSdjfewbtkTg,0.,1,367547
1Bna2WByWEtey1kWb49tKhwdCBX1fMDG45,0.,1,367547
1HiShX121CqiGoPP8ndwkwMWyYTMcWi8fE,0.,1,367547
1NVNHd2KtVrK5nMNc7RJTHDJoG5EeppDZ6,0.,1,367547
13EuGRYfgkTYp6WV26hjEnFjoYpuL6nTi4,0.,1,367522
1BsL5At2zaoKqinoxy6DF4fwYYvysGkZjN,0.,1,367465
1EFKWEcryAjzpzE5SPfYQggzMzb9b9UykJ,0.,1,367465
1JdBLjcur8xaggWyiM1yqfDutsDt1UqGn2,0.,1,367465
1HaTmndHJQCt3hzHhycomVH8sMyydX6ZoP,0.,1,367431
165PQ7hPgVskLskgwonaYtC5kXpjoxt1An,0.,1,367401
1CqtTUT12sM66SpBhLhNn2G9q2VXXfByN6,0.,1,367401
1PpkoeVwBwjDy3Nft4VgjXkz3U6kHCVUEr,0.,1,367401
18ajy57R7GZHLGdFPSj5yNipYUgeHnHoXq,0.,1,367374
1FsGp4tkouKibqkgpekQxTwVtJSnQ3sGz9,0.,1,367374
179e2vtpiqxKQEehLcfnggTZpB2K6624yy,0.,1,367359
1H6Kv9xHFRpsdLe91JEHe41URFhhB1UYqb,0.,1,367359
1P832KPP7BPiuo624TYsEEteEf8CroQREu,0.,1,367359
18yknAhnCGSdWyT86Hg4HrdN1ZKqySL6Nv,0.,1,367343
1FJwzsu2hy99rE2uHK8GYYWXEfBTNaozfW,0.,1,367343
14uKKUyX9M3QSwX22f1RPYThzTxYLGnq3e,0.,1,367299
1Nz5gBsbE6J8ZqtWaLT9mBrHxaYR1i9g5V,0.,1,367299
1Py98b91MaxUzrawy86k9TfR3yjoknCxFP,0.,1,367290
17vqYrDKRZAiyGi9ikHHXRMqhwQ7VKVdMH,0.,1,367270
15sFKngWbv26ik3KsfxfAuVtmHKXFSKQUu,0.,1,367267
1Bj53e66gwJao8c8QCQmFzCYnAkzvWR8fW,0.,1,367266
1FAHwQvkgGTSwWgC2thmpj718jZptTbgD,0.,1,367266
1CAFW4BGXJLhcTnHhXnKUTHrM68j8E1PUu,0.,1,367252
1Dge9q2TK4jZ6ESKR3343XkPCcsDfvcvCA,0.,1,367252
1CXjDcJ2WbY2c1DU4eLBuvkeBZiqz4tAK1,0.,1,367243
1GWEFbfDhAGrwYiBDgWxLSfNPDoH2XeiKZ,0.,1,367243
14tfUMjEjt7Xbk1ME8UacfGzLzE9tNH6Ax,0.,1,367224
1NrwrgioatrytiPWJqdgudtzSdXc36fm7n,0.,1,367224
18N6iWDQyNa5EingThtL4wL5txLK8WEjQM,0.,1,367211
1PnpEXaHUPkX5gFsrZpmxft85YzsdjMU2Y,0.,1,367205
1JiMWeE8UumEZ5ugd23ejw57W77M9CrJ4r,0.,1,367146
16HC6msiYSCgjhFthXnkuhSuK3MrXHcgvE,0.,1,367096
1373EcgejPQzPYiqsfRib3gpMmeSdefYG2,0.,1,367082
168ge2NrdjSFzgzKuAo6zx6Ff2hVxcBEtN,0.,1,367082
1BGXUbvYd3c8ETo7JStX4P7GnjPovpw1TP,0.,1,367082
1Lf5gufDVUZMgR6bdi2LPzMASuCUZoUix2,0.,1,367052
1Hv2aRLSh9jF3PTHy3dbtbC6bJP82VEzmW,0.,1,367042
1LUQbw1ksZmSRjR4CHrR3FdXszMyUa4uhq,0.,1,367042
1CktKBLQLyXnGfJdNB8poUMs93D4cCXVPQ,0.,1,367001
1zur4cXU5CvDMWGbTLpC1gxCTPJXYSBp4,0.,1,367001
1C13k5azjLsjon3jSJx8vP23BHNFh8sm8b,0.,1,366980
1JcJ8gE6By5tHchYtuURAriKNynx4frmgo,0.,1,366980
1Nen1zwRmVLCJBVpfyYWu1JUREcpP2XJCP,0.,1,366980
14hbwSEhmjHnzXa9t6nKqqomF8JrDP8wEw,0.,1,366971
1P2ejnEdnRLXyeYk6oNgUt32VxXbUgu9b1,0.,1,366971
15owyhrJoWjzVCNzJ86CsUfsma2qkp6EA5,0.,1,366960
1BjS6DB6Dugg5RobAaQQK45jRJv9PVMJK6,0.,1,366897
13c2hFeeppSuGYmQ2VF5mnbgw4guGZrE1N,0.,1,366860
15HX8MnGT32ezFu9vkZc9NA2Ez2vvhgfsF,0.,1,366860
15bV5iqpMpZ6aDEvJ1MLUyuHEpwoGFHuCQ,0.,1,366860
15woPJ5EafnkfAQo6tLct98VtifxqMt5SH,0.,1,366829
16fEaR7M187HZmuTwLRTHbgD3ieywgxNiE,0.,1,366824
1Bc2d4Rtbe4tmgcK13pzf9uRnZJLgxaujj,0.,1,366809
1JLs6M6o9Fvinqs6hY6KepAXxTFGmsNTT6,0.,1,366809
1JnezQWqCLESZEfH5wejKDb9HEbPSkD1bY,0.,1,366792
1PNHfdXQeHy246qvPD4Zjyvpvx1hVUKaAU,0.,1,366786
1Bz9dcHPqCXCbT4sjKPwXLEeEXdaJQZ4vp,0.,1,366782
1BbPRQBrv72M6k9ckCvME62mceE5KXy7w9,0.,1,366743
1FrHeSndzC5a9vszzpFL7mmy3Z3t9i7QUD,0.,1,366743
184QLZk4SZaskaJH3CcFqtHfVD6A3sYxgF,0.,1,366741
19BHRA5MoUNFo9oT4APHeqJBFLR5Ygg1pr,0.,1,366741
1GZucBSx7QefuGp8fWawvVHNeiBq7DMjZY,0.,1,366731
1PokYpfRzRV55xEzmkYtqfskhdJHNdRzCt,0.,1,366719
13oXJRGJWeK7BX3DmLbfGqDC29eKNtv8Nz,0.,1,366686
1Gy5rgtMzcrmr4FD82iazMVoQftiM4b1S7,0.,1,366686
1PmURNdYduzCMH9bpgV9FYEQdwt2KyEuKP,0.,1,366686
15FqWVxJsEkw8uYtPHonxgQD28zBVHsr6t,0.,1,366639
18iFvbYK7pRoTPYs16YuNEBou6mVydh25w,0.,1,366629
12Pi35hnXLDzc2USSGMedvUuRJCEE3dKAC,0.,1,366611
12QYvVPuLzXs6xQ9nPgjBSaqfVttyH1c5S,0.,1,366611
12g2KrvXmztpqFwKfFA2uHSp5F2UdiC9Lm,0.,1,366569
15NfHhRXEZWaN4ADmaxdyHiHnRoVfQmLjk,0.,1,366536
1CLeavhpu7cDdLvh8vA6AgCfot8WGT8HHg,0.,1,366536
1EAeqm14QC5Bam8KtdvHRktZLUAqWeC2Bd,0.,1,366536
1KWcVCtQeFhbASXXRbREjyQdg1QLyun5EN,0.,1,366536
1Kqn3vAMhvXpHtsRGoykG2SZVDv11uhYWj,0.,1,366536
14FVePrpGagyg8zCvSjXeXAXkKpZi1Zyy5,0.,1,366461
16SncU7dQ3gCiHfDemBhmcaDVE5mnSXM2K,0.,1,366461
1FJcBFL3qc3CsqzkupX7XuHapwPCNNwKbh,0.,1,366461
1HmhhfqqCiuQjM6HMYsn1ZmyXthXcFck3z,0.,1,366461
1QBGaLEQJf323NFWL5avQVQLBc72UW1Lvd,0.,1,366461
1BCQ25N57oYgeZJRvRRTXp6bgB97sgWpnW,0.,1,366434
1N9pv2RA27dxrp46eqn3rRTxhmUkbzUHTW,0.,1,366380
16QigB3KFv1wWn9xjS7sMq57gcqWFJ3kSx,0.,1,366352
1KKHdoRF7oSWcqkXfWWEgvgvfpeNAaphtW,0.,1,366352
1EocY22cDJafwUZYdtFVVNpB8gMLC8uxT1,0.,1,366327
1G3eB4LUQN2YNCNJWTur2BTbszPJcxY16S,0.,1,366327
1LQ8DRxmf6RLA4NDHm2aTRvtdw1EpXkq5f,0.,1,366261
14uX7hAqL2YM3mVBfabRTERif3opmX32o6,0.,1,366253
17tn7v6VRdWhD8ckitsCMr7GELMucfUyHt,0.,1,366253
