13fMgg82yxW1RevtDcEPNA9vxHocPYG7ea,0.,2,505483
13ib8xq9J75pqKzVNukNwXTPHX3JMFXxCV,0.,2,505483
145to6Je7zkiy1c3mkG2kgnWov7KA255cn,0.,2,505483
14J4tgS57Fdisjj4HfpGHBBdEDwqYCD5RX,0.,2,505483
14Wk5EKLx6Hfy1jCjeMZssAJsxvimdq4J2,0.,2,505483
14mVHL6Dj6yR1RNKBh2o85mq7qree5oMqb,0.,2,505483
15yeAfZQQuNSGWu1V9Ag7fXMEArPvqHFuX,0.,2,505483
16HwCumQ7jqSZMqqKj9zZ5NqU8E2KBQqWg,0.,2,505483
16dmX3wDnvWv8iFF1WoTP3KvZzxHDhct68,0.,2,505483
16hXY39xijfdB39jrVwMaspnN5MvCLXRY7,0.,2,505483
16rtdptytfoGs4GuVe3b9wDe4aGnbqTkUG,0.,2,505483
17NFkQre1dTNADG7Us2UCxmPcXuaJF4xvp,0.,2,505483
17v1LyYojoFjAXA3Xd4Ha3QY1WLfAzbT1h,0.,2,505483
18JNXZ4v3yH7vJr2iato6csXWVXEHQ7wA,0.,2,505483
18PnVPXs82swj5YPAAdcZtUhWW3KWGAT8U,0.,2,505483
18iunYq8HfT4jTiF2CN6HKNwjs8HU2QCM2,0.,2,505483
19MBYJsSJZDHTUjHfZCVo2HV5CpA465zhi,0.,2,505483
1AyX78VxKmuCp9gYKdW9eYQG5dkDKNSWWP,0.,2,505483
1BiQyJvD5syvuu2jWr6N7t6BXJEeXAJuBS,0.,2,505483
1DKBUBYpNKGBYaqWrPCaMBDzCmXeRK4WWn,0.,2,505483
1DagBHeUDZykrwZQMWg2CG5UXa8gjDbCr2,0.,2,505483
1EHTuApmyg3MRkZvkXurcqV85WB19X6u3X,0.,2,505483
1FGcbxt47K8wdKWoXTQsmBScSwMrdcmhDg,0.,2,505483
1FYU5tpySK6P2g45cxhKp6K4DAVJ4S1Ep4,0.,2,505483
1FoqLiC3bBRfDfBNMPP1MDLMewrpTGiQa6,0.,2,505483
1GW5GT98Wb2xNiiaphSuTCVgPMiebfypTo,0.,2,505483
1GbbQytgtee4oytjN5sjqwPjNxvyE1MoHg,0.,2,505483
1HLX4jViuKpkrXHW3G35h5ThUXoRER3LNd,0.,2,505483
1HVrWTma5MdYmZehae6WaTtPT8VUgmdPKp,0.,2,505483
1JHp1oy3d8LoDxvDoVKoAuyNPxoefTwhu8,0.,2,505483
1JK14qYS1YrFJdxym1ksHLAXGH6dU8vxM,0.,2,505483
1JYscubhQWkz4n4cSPCp9Psdegyb26pBso,0.,2,505483
1L9nu2r92sWSPriKKuDroWYTVhWT3pfh5n,0.,2,505483
1LAGySLPmbmpmce6FkF3r4bRfRCt83L6Vn,0.,2,505483
1MAinBT6pbh6qeTA7Ew1RFVkpepUVQLVCj,0.,2,505483
1Mi3Eto9aUUe9op6h6qGDwRZBB1cTBw9S,0.,2,505483
1PN4F3oJ31MzDSgh7STYodkpA2T14yw2ot,0.,2,505483
1PQLaUQYfkVWXZAajtyXxoAyKc84pGc2jZ,0.,2,505483
1PfPKa9AFQHefiKVXKHDJ7AKfngJuovJLg,0.,2,505483
1PyfxeZWriVxToFa7Mh7q8X5Peng6vqs64,0.,2,505483
1iuN5XxruDan6SUrLLMkmuiwZJFqp2aEr,0.,2,505483
12DyUno8S6LL4r7nDFezJw3vjv4sUhTZBF,0.,2,505308
12Vp7HnHDV9Dtv9gdA2UDaBzPKuYBVxYZd,0.,2,505308
12qcN3kruZMy43hjvgZ3ivr7YvqxxVATdf,0.,2,505308
13D1gkyB6i7wNui1BmrJfdkPeLUY3QKFTs,0.,2,505308
13SszjXasyVFAhpGtvX9JFbKuX9JrDTvi9,0.,2,505308
14FxMhQ3m5jC2G1BR4X8X9ZytdFfJfZyu7,0.,2,505308
14QidnD4C5W9NmiPgGoDr8T61jczYLHeij,0.,2,505308
14iojvXBh731AahKmZUxDRvCbYG4k3dH1i,0.,2,505308
14smmLeBd8TzLMZiLNEwp7yVBAfyMsB5UC,0.,2,505308
15N6CdXoBqVA1rJc1hWdMRudEPZ9Zxvgsx,0.,2,505308
15VNJVvAnpyaF6Ui9sbbtzm4cEFvTWCTF8,0.,2,505308
16MkonpguhSDA42iv1fEUZbNwK6iUWeNDc,0.,2,505308
16WLSvvm2U56oX3EzpRLXfFLRNFcoj8cVY,0.,2,505308
16cmckj2Fn1Vwz1xVDLdkpHVsuxWiPwLRg,0.,2,505308
16hx48mxQmETmAP26JCJvE2rnL6btUs166,0.,2,505308
16vZEtXCU1mqnACxoJaPi4iSg5wwZJjbhY,0.,2,505308
17AGdbAtYyWQY22akx2KbiMP2gJpPeFGkA,0.,2,505308
17FW6yj91vK2U8Nc9zjTpsFkL651RGYtZS,0.,2,505308
17giniXBozFB49kNoMGUzQrZEyQQ292KPP,0.,2,505308
18c3MKuB3g2bb7MGGxaLAhSrEZkTndp2yS,0.,2,505308
1A4nqf5fv5bjzNReyJfieHH112avyEYZ5L,0.,2,505308
1AFB7Sd9ondAzwJLhH4CZDgTi4x25dCoXe,0.,2,505308
1ApcdoCnzbStBF12ZUpuw5fVDJk83wJ8e7,0.,2,505308
1BMTzN84qoD4C9YZfYjAD9hApJtpXH6sxp,0.,2,505308
1BRuFacDX4CupxrRBnDcamNNiJ4D5sBy9W,0.,2,505308
1Bky8GKbCyyzMcdr16xhngYVJvqQpv4M7v,0.,2,505308
1CFGbWPbRDXFD3axARhAtQNHWYAA2eWakc,0.,2,505308
1CGHfhe2wZFC5o3wV5wB48mzNLHhp1Cvvc,0.,2,505308
1D4P3pPCtgu9AYxYsjVBtjmcsfKw6PqVcv,0.,2,505308
1D9zicdWfPGarvwXEYGHXejnK91cvwFAVx,0.,2,505308
1EoXzkVcKp5PNgmF68wsxXJeGQhrvyXMhK,0.,2,505308
1EqdBFoJunXqEWYDzbTyfQkNevZKWvApag,0.,2,505308
1FLboYNMZ4bwcMSV18qSiLJi5ZSGmFtivQ,0.,2,505308
1FWJ9nTTFBz1HCsu4dspA12PpVYyPhMYhz,0.,2,505308
1HKAUuv3YczqjTeAAzQNg4tWYAYkhjTM89,0.,2,505308
1HqS8BnuJQmqDtDZdpqSA8ADDiwuThoWQs,0.,2,505308
1JPoWp4ZhAah4a5tQ4B3dF1BwHjhTtkBoM,0.,2,505308
1JwoY4ZJKnAWfGaYZ9adEEsQf5sMCGD6mf,0.,2,505308
1KygSf1HmfJKjy4iUVQ8CLjJ4NY9qNFJgZ,0.,2,505308
1L1iBnW1o4prKCPQbZz2QKcK6iXsWA5p9k,0.,2,505308
1L48fxjStq66RhVsXGh1DvCfH55nUACSAG,0.,2,505308
1LCEsRXcqhBqZY98b11m8pYEc8GKMzVx5p,0.,2,505308
1LQyKqcNxCKb4KM7XHw34m1fAMyBDhRAqJ,0.,2,505308
1LtM3EHHqLNyWc3ua4kGN11jhFyrfLWggf,0.,2,505308
1Maxj7YX7kbko54XJb9XVwL2eoHznh1aA4,0.,2,505308
1Mcwyp6755tAi6TuZYVwpWcVjqyRxg4kNR,0.,2,505308
1Nhqum3VxQicGa4Fph3T4xby4gTC9pEsEj,0.,2,505308
1PDseBdAbpZDwiprRheKGcUNUbXg6cNEEf,0.,2,505308
1PgWmH8ajncmy89AqRexktLm5BnePLtpnE,0.,2,505308
1QBZzR877irwCVcy2RDztFqq8gykp8b3bM,0.,2,505308
16LnjyjAGNbxLn8NTqKfMKj1WharD5pgxy,0.,2,505288
1BB6KbkLZdmhYxZWoc6Km3sXey9hpNpUup,0.,2,505288
1Ji7oyRgdJR8b4vx78g4Rgib8noW7KaafB,0.,2,505288
1LYFe331RNL89ppS7n68WqnM2rUCPSs5Vm,0.,2,505288
12qoT52TVdhhBCGTEehgJizeTRpfRZhLgV,0.,2,505287
14VCkHNC66BTVg9o4AAoXoirfowd19mt1Y,0.,2,505287
19LxHczFD9yiuBvWViijkN2EZJ5rj3mCVw,0.,2,505287
19kVKUJww7kfAYQZ8ACAt2DRbkqpcHBxoi,0.,2,505287
1BBkLbYi2LCTHdSTavDD6g79cHs2nQiPa1,0.,2,505287
