1CQxkSxzDopgGi5ZppKG7mUBQZEAjaArT9,0.,1,488132
1CThWrMFcJtzoxeJXoCySQ38xZhXhcLFD2,0.,1,488132
1CaVo7uBZmsAywtuuztq9rtcYH8h1dJB1c,0.,1,488132
1Ci5qWyNpRgFKue5n3DxXBWToTwYTpDEjP,0.,1,488132
1D22RJ4otXxbGgAiNcx4MfhnNysvuP88LV,0.,1,488132
1D85eYwGgnfjY4FUg1cnm61zfHrw93a3mj,0.,1,488132
1DcYpeeUUBjBD8Qk5mypL3BfNyv3GXTPo,0.,1,488132
1DqSVEJzzafacDLkafjQXEywKhpjaCcdsv,0.,1,488132
1DxA5TNjh61dKH5ebhZo4BDykYFp2NKbDK,0.,1,488132
1E3hoSBPHQkxjNoAptiVm99jHoDhc1YPTg,0.,1,488132
1E4japk819vNXiuZE674qeVEMpEoL6ZC5c,0.,1,488132
1EKkkZdT7rjLFzXNP7qW3E6nDWczytmqaE,0.,1,488132
1EVGmLEcpGYkZPf5sQzJLHKLw8TH7eSws3,0.,1,488132
1Ecg8dQ2J3bVV4UD39nzN3nFXwgPhZrRoQ,0.,1,488132
1EetTQZc5owrhUTqUJJapg31AzUqZVxwSj,0.,1,488132
1EfWaLFNUif4gacxjMDFqTR33EYoyC43ub,0.,1,488132
1EpYoN15xFxxsyavNQwwz4zBYxpjjLXj8R,0.,1,488132
1EvFY3aTSX9fDUyYbJsHiqQpU2Wcech4q4,0.,1,488132
1F1i7vWNMGGWRdDwmYpwGqppDYb96TUVqs,0.,1,488132
1F5qDXFUL3hwN1YUw9qUqyS39mR4Zn7SDX,0.,1,488132
1FXTe1oEtJVCwW26sbj8ojpEh3BEohQAL6,0.,1,488132
1FXWy6J9H8PxfKHZaK44LJXhZS1tbfEpuR,0.,1,488132
1FarMYAU44wZtVdPWR1hRjE7wkEeh6qchw,0.,1,488132
1FioWqRnKHihAPGJTh3CdDUP2uZ5tSA8E1,0.,1,488132
1FiwWJbXLKJMm8uV6M9kj3tpnVr1jBshHe,0.,1,488132
1FvWUYYZWgc8gSJQmyfCC8pTuDT6YUiboV,0.,1,488132
1FwjAAUfbLCUVAjeYczFM2hkxN4X1YYdWf,0.,1,488132
1G5srNEKVgU26BUyMBzpU6piMpZh6zVzco,0.,1,488132
1G6ezCoD7dnALn522goKMMJvgkjSaUMuyi,0.,1,488132
1GGiHJgwbZ4N5Ehko57RYf17G2k4hDKkQN,0.,1,488132
1GUUkFTurv6k5f338gKJHo4xxQiyrBrUBN,0.,1,488132
1GpVzTsX5UnyEXvbAquKbYrtg45xXf1wL4,0.,1,488132
1H3MVXtFQPF7tYYepCN5zMtZm1n1jMbMsR,0.,1,488132
1HAkRE2yWDvTiE4fKRYrbqRoddbtVv6P3i,0.,1,488132
1HMC6B4EC64X34QA9AbDHZyTstdpaUwVjH,0.,1,488132
1HSrp8NViq8rxtpM1gu54uRfqffnsBRr6o,0.,1,488132
1HTdL79b1mcxtj6pYS3dy2VaNpv3Vp8bFd,0.,1,488132
1J3j65i3rDXDgmUv23pRM9oJ1D7wexRxLZ,0.,1,488132
1J5oDmm3nEdpERDG9cJ8Z3FpdaUtcKxMLZ,0.,1,488132
1JHut33ZMtkwFL5ozpU8teaniPkbDi4XKg,0.,1,488132
1JU3xs3pUYAWSGWPk8M3wsBP5dhQy6mYV1,0.,1,488132
1JZWpnkmmyRSsDTA7dP3iRuVUuvz9pLEN9,0.,1,488132
1JqiomJWg8v7GHRqnL69XbSPLPeeo6fXW9,0.,1,488132
1JuKMYnpRSiwgX84eusDznqsb6bqVM4PBN,0.,1,488132
1JyM5ZcUyR1B9BJ3i7b6QxcBcSV6ZgngnV,0.,1,488132
1KKvDiHQav7Hn7gVPGcWqRwLmtfA6vMTut,0.,1,488132
1L4sppLtZK7CQkJnKEw9zxP3NTDNtmRmDM,0.,1,488132
1L7xduVtDnckco9aUpzUUbqWMLQhGS8rGJ,0.,1,488132
1LAVB8HicNn1PALFjNuCop8fARg74grtuq,0.,1,488132
1LFgFhHyWAWeiFMQEr8noLVGzLmRpNFxT5,0.,1,488132
1LNSJy5aTaQasqJ4yBs8ReLuqFZRpLXj4i,0.,1,488132
1LPGS1xr5CZKssX7LknN6tyMjBmTRJ2tmN,0.,1,488132
1LXNZi9RwnZG3KEPZ6fkDkrbn9GQ8hQaYW,0.,1,488132
1LcbkEVE1FzWYJ8u8HYWpYQx7U5yjr1ykU,0.,1,488132
1LdNos73nRBMWFYcKU37JsQZb9BQAPmBdJ,0.,1,488132
1LxM9pyS1bxAyu4BumN5ebXSLR44eR3BCP,0.,1,488132
1LyvFASEB61reeS951Nx728tRqC1zKZUQ,0.,1,488132
1MAiBK29hLeET16Z2KwrHu6TxLCsUD7tKZ,0.,1,488132
1MDBBJ8hwrF9yqeWpbyfUD34KDdQRHBv8K,0.,1,488132
1MPqSDtnjKGJ5zywyN37uykSG1j4PBwrPf,0.,1,488132
1MardptGagLvtMGJTi2yVFGsSRpqYb3Djz,0.,1,488132
1Mj72iStNJ76xG5SbEAFTrcTfNxU3T3fQi,0.,1,488132
1MvcoTzR4JgkBssnA1P8244NaUGA9Spobp,0.,1,488132
1N42oeoTzCBgiLMRCX2vXT7kcEDqbgWdoN,0.,1,488132
1NKrENdY5HiSasQnMn3wHyJY3a52TeGc6C,0.,1,488132
1NSaFSDkf4sTu3PTCG1Rqa1xqpxvZZ4ZMj,0.,1,488132
1NSsJ1JqcwsjcEYANGPd6SoBLqpaV6ddTY,0.,1,488132
1No5drZsBxWXm3H9osvv5fkH2uuF8XcUAc,0.,1,488132
1NpDuXBKLPJAwqA7ZF3uEXfzpKjizyjvSi,0.,1,488132
1PNpG87HpE9ZPW54oQm21ZaYDQSyeTMk2R,0.,1,488132
1PXD5MHHyPtUbo2XEgXEf8UGknfKCe2t6s,0.,1,488132
1PkvZPCvcib2etKzWuxcUqJM6X5e3J6X5v,0.,1,488132
1Ps7QJvb7UyrumzRWhHJqGhhV8MGghfbqG,0.,1,488132
1PvhNk5AH1PuMoRgCnviUHEGigjzwWKqzf,0.,1,488132
1PyzLPTaHaPRNNCkr2rRdfyMomFR9HwHxT,0.,1,488132
1QJE8Z7mKCeqjyvp19FKyqeV6kBEYPqPQ2,0.,1,488132
1SAsRiDX25Gcw7xUFf6GkcfkhGN1iKr6S,0.,1,488132
1VzshhPnddz7jeRiqf3XDYDNstnQwMJqc,0.,1,488132
1qTn82eve1Np9TkFx4QcHnEx2k3ZhFWkG,0.,1,488132
1rRntNfp8eyxCq2HvmpsxkEd8NocD9rCG,0.,1,488132
1v6hXkWdAfsCVJTbFAERcec4CahJF8i7J,0.,1,488132
123TwiT6D7cW7WkHrTKitGpWvBLj8qRaX9,0.,1,488104
126kPBf73dXiz6KoAGmWg4rRoDC8Fz2LVH,0.,1,488104
12DW6Ssfh7ae99pTg4rKhftgaHyii2pBGa,0.,1,488104
12FfVWj29WjM6kEkAnbkUKU5voTkqb7k4r,0.,1,488104
12RojSpXsdMtrL1rNTKqLBd6oUPQiPDncb,0.,1,488104
12XEboryg8vhTj7zqDx4WUoN7SRrKMWwac,0.,1,488104
12oK4LJB3iQKdFN8vQB1xCU7k5RcQF5Dxz,0.,1,488104
13bTFFfaC3faBHW1a8GD2iQ6pd2cWdPDU5,0.,1,488104
14AMggfQFzzQrDS52pXuCVfRN4wrGeNA96,0.,1,488104
14JpSmM3aApLaEURNDkS8utDDnGWQMSNwS,0.,1,488104
14V12gJjrvXRD9RqjT5Y2wcjESZgM2JK9g,0.,1,488104
14qSxbRVGwmGxPG2rSxwYE2ZF9ELpAHLJ7,0.,1,488104
14yScDRB9ksTse5BTazQDaEYeeDq7Vo3sW,0.,1,488104
14z3fsRo9wFFX5MoJ9udkchnQ54k9CenxM,0.,1,488104
15UGLUh1zCs7t5beWHWhUdjwgfdXyAfLs6,0.,1,488104
162xNrxL4S42qxop48MeVDASSAthPj5gRk,0.,1,488104
16PS3GSviriWVW4YN1itGNXqAEwW4WRrUj,0.,1,488104
16QTGxaHYNjMc8MQhV2uPJ8E9eUWcWQoB8,0.,1,488104
16mwf5B5V5sDnD7hVfAWocQEHVF3RudF6x,0.,1,488104
