15j53jQZSrnZVx5XDJqcqCyM9qoYJLWmBK,0.,49,558121
1FfVQLTuRbbB379AbruTFz34S3zYPrtKXV,0.,49,558121
1Q621HQKSCNkKmBgNmkJVthy1KqUJpT6ho,0.,49,558121
1Ku3ghGm16seMVAMQswk2B7J4cRdrdpeDT,0.,49,557725
1Bn5xbxpYQSu7wyrMHX4ttb75pxZX2ZSzH,0.,49,556993
36RWQFRCXVB1NS7zAJ5HsQS2H8wDuQFNEU,0.,49,555242
18QAHi5fL9NP8FQyosvVSnZsrKoA11nVvT,0.,49,552767
1eAfS7wdHJBszy9Fw7w92z2Y6oNpk5Cug,0.,49,551827
1LMfzPerEp9Gi8RH5u7rBPvw17WGSpYXVA,0.,49,551135
1PHkZfqiEMuYkzbfi5Dhd2m8xdu8EJe4PZ,0.,49,550347
1JbVkBrMQcfZrDbKyWq5WBhW5ixZhzNFg1,0.,49,549988
1JhcEKLv3oZrEyQg6pUGNcKDm6etVKxcrU,0.,49,549988
1KvxzP7vaR5gDjFAatp39HY8hZKwPKP7MB,0.,49,549988
3MnTQqgukeahoJbQ17xsDJycKc6H6nBs1e,0.,49,549988
17UYBRrMVn2NgTKGbKtR8J7wrnY3Usps29,0.,49,549915
1MepWvsQ9p65ePH29Jw5hd3gjo2Jz62vSK,0.,49,549360
1P2pEbi2Ua7Rb3dpPN4GRMgqjTTrCzvkRq,0.,49,549150
1CUiwhc3EP6TdYTzz6Hvi2M1HPoAWq9cXQ,0.,49,549095
1DDFa89vL7W12iYeXPh4GiZBYJZReKye5w,0.,49,549095
1NbGq2QxSWo3tsijDjprBL8PKF3ugrBBzd,0.,49,549095
1J14NDz6asosoWtYARxhgXT6P8oK3FMjq8,0.,49,548509
1pyzrmBB7z5omk5DXHbfTYHBz2hayBY7P,0.,49,547230
15PeEomB3KiqViEJCjaeU2TeAjPTCVeJHi,0.,49,547074
1FWsbf5djYu9NX9jAHYbgkYXyyzojobQaL,0.,49,547026
1FYdh86mqGk91d7ckK5PeNtWrFtU4xA1Xv,0.,49,546146
1DmYkvjcZgqGSp7j3gxcVfBtuBoJ7o2HU4,0.,49,545466
18uHpCNsFv6p4JmqNkGYUVNq5yHebgWFtK,0.,49,545029
19TEJFcPU3hgM8w3VCdU7LCWSHLUbD8MZh,0.,49,544316
1Ls3PNFp3bNV4euDzM9xBCAtMGmTMMdRqh,0.,49,544316
1EtsSMFxQrpN2ScETQs4qcpuxbxpRS5AHE,0.,49,544125
13nYBVZaNzcuGQP652gsxvu28tdmSVqMEP,0.,49,544074
1E1xj1Eacbc2c8g7FwhKXyj6e4w3iEHNPU,0.,49,543484
1Gg89akBuR9Y3iAa3Svkwd8CaqgmHbmSPH,0.,49,543305
3Fu1ojtt6vTbh2mJ4Jq5vWq8rVCiSCJQuC,0.,49,543141
1JdJnDYxc5MDyt1YXNzAv8XUaYW221BjqR,0.,49,542104
1MQvY6ptaSiFRaM36CvQp9tpuUunEzFXRc,0.,49,541260
1FgT1yjrP1sD3YYxTJozeXXwM8VhxmuHup,0.,49,541240
1ADnVa76Lk4eDaiKU8nt3g3T1An3XuW8Pj,0.,49,541239
13LpwoRtvZ2QFjVGF7ifvPQd7gqrYsFdwf,0.,49,540391
1ESvdS7PFv8C1ziVzuamDvHbDyjpnTjiTt,0.,49,540391
1KvhJpHaVMzkR9bot831ztKjSJRmrxrp3B,0.,49,540391
1MvFLaZwZhneq5rUWm2ud8UuZV2CfqVhLF,0.,49,540391
1EvfRp2KPQXtewWhRokk3W4qyTGPdj3bwC,0.,49,540030
1Aon2QZQGLzWiZ111hcPSWFTMsJ8iHsEuZ,0.,49,537963
37GadMW6ciCivJiJDSGXLhatdc1iqd5xWH,0.,49,536876
1FKFGNxPTBNZQ74K69SXJnxSD4VZzFybJT,0.,49,536100
1N89uaNfsjEVQ3fnA4sW4bNJ6W9d5mUD5f,0.,49,535770
17odoUkPgAp6dg77crXMuEDxcu5iM9Xcuq,0.,49,534978
137h8FWM6Sav2Ehsgd46bpYmJ47FcJSCjk,0.,49,534669
1FsSDcJuESrVSsCuX8M6w7vhLjtPjZsVPB,0.,49,533960
1CJtwcCSdmemP58cjR6MVxTS9R8PVsseVd,0.,49,533588
17XjoKya6CRxDV7HWZhRogJU9No94x47FZ,0.,49,532815
1Cx1Q656CpjqYiWJrsnfJv4DsG65yT9f3B,0.,49,532815
3PnUB4JqZRkvBmAVJt2UdFtc9RXcpPL2hh,0.,49,532655
18t6BrezQnbP2aoU4Nj5B3sDZAtKvqtv7W,0.,49,532434
1L9DFRUPQ6pQyqfTkbzCCaDfKTfyoKMvoJ,0.,49,530427
1Bdu8TVWQBxEuMDUoQ1vnU1gGxKaSvkTMD,0.,49,530415
18pp3z8FyehRNaG8pzbanvGBCcxtzQo1bq,0.,49,529718
1567RZyWW5KPFXNntHFC8ZxuoDWH1d9c8m,0.,49,525417
1jAEKuHDqbwfC1GYXXj1yKraH9Nf7REcb,0.,49,525095
15jqBsHgK76Swqt5JsH4ioMrNVqGwjTYxc,0.,49,525094
13Z3L87SY8yY6djS5mGtA3iqCB6fjB2hFc,0.,49,523693
1NKkHiohupnmBybDX4j9HHc2pSS2Aj6HrF,0.,49,523693
12wdhoVL3NaXgbjKjTa2WVw1AN7LBg6LgG,0.,49,523221
12K9Was5yvCJYannFXPzr4fShEakVUToxx,0.,49,522944
15B7X8ngr325wayUNGGHUYsLW6bMWjCwao,0.,49,522944
1Mv8AD2wL6fnfx2pyzDHE264zYz5SrS3Mv,0.,49,521206
14aJpD5kcx6qv8pRUdTPZRUmgN3ENt7atw,0.,49,520739
1BDkxgycbmQtAqLEgtd97rt37d7zcSdygP,0.,49,520739
16sDZiFfkp4TrkELZPdZpVjYFEyW264gCL,0.,49,519679
19uMzqewTjSqULc1dFqxs5xWs43FaFp5cm,0.,49,519078
1HEDBfRQ8d3Uf5pGKe7YNXoXkwpqhJcTB7,0.,49,519078
16Vm5qaKDhqfgZ5sWqMQH6yNKdjZuxQ169,0.,49,518635
14jELXJyKvLxzx4zV2g1ACU9zPuhDed5yb,0.,49,515392
1E2iSUnYvx4PWiiHB5Np2M1e9Bp2sXidFv,0.,49,512704
1FdtYUXiP4w3zdxP1vNgHfEAbNZpyC79j7,0.,49,512141
15wFMkkdGVRwD1RE8GTrETxgW8CcUR8mDL,0.,49,511640
1HW22cj2h5tJqjdE1QKngQxmu4cL39dTtJ,0.,49,511594
12Fvvu1Ni81ZNJLECxwBP9V8VFNNzaYm6e,0.,49,510059
1Kf1hfig8TxZaJzx4A6B9m8WsonCWd7oRJ,0.,49,509417
1HEB7nxKebQSduugfgLKWLKBuhwx71xBdA,0.,49,508970
19c5QaRLNsPquUBvisti7d4wvSb7KoxARk,0.,49,508334
13mQXpx2SeZo8AfmF9nY6kBfUbBS6zPMDk,0.,49,508142
1ERJKCc2eUFHti9gp5mgYssTLg5zBWnJju,0.,49,507195
1DLtX1RqvGdimyXRb234eKNA7LrPZ31gLt,0.,49,506633
1DKkY9VyXrXCpVDHuRyWbX9czcXuCyQ4UA,0.,49,506150
17fAa2QBERkt6omsA9BjMP3Gpcy81ZzV8W,0.,49,506066
19jFA5WEKGETbA8qLgCJd18XJGzuP9iZUj,0.,49,505484
19WGi9B7CDhZDs4ApZMqVuMBf3qydWWFLa,0.,49,505287
1PjXTTxq3gEEJRTnaeUsiyMrjX8BL65yQY,0.,49,504866
1FdQqsvPvFHzXwowJSJg4z95FuTPDvafNN,0.,49,504633
144UoGxuyQvrRSCYSDiJuCMSFQstM28N48,0.,49,503127
15iegVvf1rcExGGmd4FmAdb67Bx5FJ3W7h,0.,49,503127
1GJTajCf2ZcTuCx6s6f5uq2Kg2YjV92RFi,0.,49,503127
15VmkgA5aMcio1y8z8fvToSn4Ufq481Z7p,0.,49,501935
1r5QZbh78KMxa61nQYxk83gEeuKJNEmQc,0.,49,501850
1MYR7gnwoZnbCPBoUFaEC6rfrLpRUt1L7U,0.,49,499915
167WFqcxon6JsXaaEMwPeNRL8wgUWCQNfh,0.,49,499567
13QvXTHtbWKK8Jauza57u47wRrd5YPJN19,0.,49,499234
1Bmc94hTpsr1wNLkdHQRiTySkxGHr5xmjg,0.,49,499205
