34jzM25wrFgNaZgEEyfLtK2SFkr4mnbfGY,0.,2,572561
34kHhVBcKAa71RcidvHrA6ZYwZqut1UfcB,0.,2,572561
351bKGE1Uf921CRZKrX6DsQZE1bXdUUtpv,0.,2,572561
35Gmc44RPfKuHRhzNKPQa6QwsKYnkbTAtW,0.,2,572561
35M3QvVXSUm5x1c3ocfyyk1qWfLuqwS5yg,0.,2,572561
35MbhbVNVEiJM8KB1xF32UPonTKK2N9L5C,0.,2,572561
35Wj544gprYyFvpMF3qKAg5qgeMpVv541u,0.,2,572561
35WwKNAuSE4CrBnYv1vgupnxCDbnCMbpCu,0.,2,572561
35h2V32G4owBnzQWmkhJxoX4A7yXGRCV8S,0.,2,572561
35hs4fZzuttTNSXHdihtFpNSigmVkjP6Dg,0.,2,572561
35obCMTD8Ex8RzoujjPrTnmzmim541LRrc,0.,2,572561
3613QGV2SSdpjNs9Bd1Qb5vAjYaaJPmu1b,0.,2,572561
369NtbVoxSJtrDRCM1PQnAHfcZ2og9reT7,0.,2,572561
36BpzpdGAebX3mrQVZPrPPieirWgUBiFCV,0.,2,572561
36RJr5ACe4HetxgfR33fgZjLooemABHmXg,0.,2,572561
36V3zUa69ErPbJA5AjVovZVbpcLqiDjsrS,0.,2,572561
36XGFQYSAnN1CtWCwiUyske3MjPueLUsES,0.,2,572561
36zGfGdpA1qc64YbjA2QXSwzfi9Ds8fpnW,0.,2,572561
36zNfEccZ58W4DAtfpHhSdN645LNyuUYHH,0.,2,572561
37BGs5MJ55vvEtJvnMyy2PKGZmV7tzHVfq,0.,2,572561
37CCMsdZgna6AcSmu7HqZDsi5viuTfMLsi,0.,2,572561
37RwFmeFKr8g1b33KZaq6hjSPvav2CNB1n,0.,2,572561
37TASbm9dxy3XNz3CjzPsHsg5nfdg4FHte,0.,2,572561
37kBbE7wtV4zZmXhNy7BhnLSQXMXFVzCXi,0.,2,572561
37pPwawfBKgh99WP8VdYKG1GypvLZ3D3of,0.,2,572561
37q6gmZJCgeBqy6Bcx4nDnEiHk1APiUq9Q,0.,2,572561
37wZ1sRDq7ZwG47aRwN35LEz65xkN5ejPW,0.,2,572561
385bxCvx9b8C3XHQ7scjm89ED4VoBkVPcX,0.,2,572561
389dGCJUdfoxKybQbS9Wn3PpxxRPkKJVXK,0.,2,572561
38MSERCiDvbjPbVzBtQRfm7M83GBwvTXMw,0.,2,572561
38SQ6HF115hnVWByvvSGBzBYr3W2AntSKr,0.,2,572561
38fFpmPSN7hHcEHEVzMVz8fFQFPiufmmUj,0.,2,572561
38mLLxDoCxaXE5cbezRAcSa8gksU5aL2Gb,0.,2,572561
39cYYqwyibMRmp6so9eCZBkDk229wSSgqU,0.,2,572561
39jEkQPsWEk3ANRqZsRdoBAJrfsEzVLJp3,0.,2,572561
39jifUu72moTQHsouhpyRNpXjcQ6ZZgtaK,0.,2,572561
3A8PxJcYK6c3bN5cSP55jNu5ffjH2f4Psr,0.,2,572561
3A9NpbgJQPrYeWRV3iQsXT7C6jTsF13jHC,0.,2,572561
3BBjw2Nz5m2W9etbQhPG8cHTSZysUnNCY4,0.,2,572561
3BXt7Ngh4FZFiffQ9nuEjvRBC6egKcDiq9,0.,2,572561
3BZMzj2HWcLRcdAyNvkTWG4bmrbFgVHDvi,0.,2,572561
3BvhGgZf4WBkkUHSymrDrBW5waLwusnUAp,0.,2,572561
3BzimuNv5FgHXdsdR3YYZyXfsnmpx7QSdm,0.,2,572561
3C3hN4WtecqXnJQGdrQSEANQ1vwpf5paRu,0.,2,572561
3C3x8yYDacRv8JD28nkRpAtoYH7uqaHNm8,0.,2,572561
3CFo2Dff5Kg5wTRJuVje3CYqjcK6MihzkQ,0.,2,572561
3CYKhsFctfeJZCNuq7UTUXapaoh7aBxYgx,0.,2,572561
3CfKKCaDmdY86VTxoLuTgvbAWwq23hJqCi,0.,2,572561
3CnqXkJ2jViEsXJ4wvH3r2QjyoJspwsjQW,0.,2,572561
3CtvJKyzhEjeR52zzzxtpT6MqSV4ADXMeB,0.,2,572561
3DDHb51pKP45mCTPmYrTVYTHJzJPEB9sVZ,0.,2,572561
3DKsuJvXNcjLWRmCiFDgu2kU7z9zF6HVRQ,0.,2,572561
3DKyjyj4btYZ6vBh4U8vGrLAcTA2Sf1NAk,0.,2,572561
3DQt8nZ94EAqNQEoWUCUurULbtVuaMSsdj,0.,2,572561
3DV5WAC9h6MrrNmiJ9ypoqXFSt8hgkNxka,0.,2,572561
3DVLn5QZ9ZoDo78HsaYZShD24zCiGKAb5r,0.,2,572561
3DpGgdQAXfStZWFC2dgXtkYZfyf7Pfr3to,0.,2,572561
3DtdBsqqneLvehoneqxC1en45adHC1zhNK,0.,2,572561
3DyWKZNZDQbBkAv7kcGHHowpLeaLQHtMcd,0.,2,572561
3DzFdXQ1PJVmiayhkesE2R7juLFNFxPNG8,0.,2,572561
3E1TZRycduqHrJBm9NMNxpnCoGU4MCkJMw,0.,2,572561
3EGRv9LURd8zGw29P4k7yrmevwAQnfaw7L,0.,2,572561
3EVANcgvVrzycRSMDGzD1tRdYD2gnFfa1R,0.,2,572561
3EY8o1TTRZ7U99L1PFtPeUE4irieoV6M4Z,0.,2,572561
3EaHHT3yvjkRPdiHKRyMQZegm8LqnKwtM9,0.,2,572561
3Ek6LsvyMFv3FPSkZXwPLz6NT8aBCrBfcA,0.,2,572561
3EkHg9M2ApqTB5NRPgEh2wFqAzMqiX6zqD,0.,2,572561
3F5136VYah5gnA3qpwmDAnmjgcAQVoEGxy,0.,2,572561
3FNJEsGTRcFXB49QXixFBeymrxLSdd1RyW,0.,2,572561
3FSeg9VwdnLW555MjWVVL7X8TKDL3JcWs7,0.,2,572561
3FZM8BoBQksvZFtMiRDfWosNVgUKbPQNP5,0.,2,572561
3FjoH8oAhtLaeUsH9Xhc9aL2qzbg5JwwGR,0.,2,572561
3FunjiuUEhsaaaj5CnXJeBWNvpGFTDzzWX,0.,2,572561
3G9AWjt5orarbEQAGvTuk9NP7qyM7Se7ma,0.,2,572561
3GDTBw5d2u71iwhYroNHKCD1oghKBqzaMT,0.,2,572561
3GEYGxfWutDE74Dk2uFGy985knFty9QJvv,0.,2,572561
3GVBiMDuDREgzzdSKTsap1cgjVF9qx1vcA,0.,2,572561
3GxW47NAuTfeSHWR2RYBQRmLsyuGtYmMuS,0.,2,572561
3GxnJKdw78tToR4NHTMNZofXCD41zPGhVu,0.,2,572561
3GzjExzQjpsPaknG91gNeDkbuWNgsKzP2x,0.,2,572561
3H5CHk7JBJyM1vjLRk1SBQ9a5rndxnqMAQ,0.,2,572561
3HAs7AvLJbkES4P1kkDux7Voem1s823nuA,0.,2,572561
3HQFivqgHf4GXQ7d9vdRJmRCsFUnghJUKZ,0.,2,572561
3HUmyLuKoNADFZyF192WF3fy84psGznSAA,0.,2,572561
3HUxoPLtFpiSJo2wxtofw4xF6xCrdcBvBz,0.,2,572561
3HVtUaW1H9YfFJrme9bZTUZmvqa3rUnXdp,0.,2,572561
3HjreoZ2osVBrTCkCE1YxBLxGirrNSJ1aK,0.,2,572561
3Hqf1NNgxSQ5WnrmuxDBK8fNBe7tEBgrZq,0.,2,572561
3J9ZRefTgorcoh8va72rxsXHJEQwE6bsK7,0.,2,572561
3JGE7BP3t36dMBfv52cFy5suzeaj278nQm,0.,2,572561
3JHXmYRaRZYuyyjwCUNX7RjEavPBmyb2NF,0.,2,572561
3JSKFU3dxa5CAfZJo37mVujKFgFV2siWu8,0.,2,572561
3JhYCjKpUy7oBomMmzHGHjrkbdYUvusciL,0.,2,572561
3JkFidhNfcB1o2srXj1pSwps3fpMqQSLHG,0.,2,572561
3Jmt6ctdUhitn7mmpWupiuLvme9D7Ar2ja,0.,2,572561
3JtqGAU7wrpCayhAhdF994S3DGjWweP34Q,0.,2,572561
3JuHEfG9chGEDLDQ4uac1DxcRoDopAWRk3,0.,2,572561
3K1LAkV7izbi4qbquQPeF5pvzwq7ZPGbUC,0.,2,572561
3K2R8MDfTo764SESnxP7TYJjjnBW7An1da,0.,2,572561
3K4TpXLWhqUwePh5Dpe2PtsApJXp6QAUu7,0.,2,572561
