18QWmyHkGxi1hdLSnMG1jBQY4cQ6c5QRWu,0.,1,316648
18hLmLgV5PkpemMXKPgU2ewZdAhxzGNMWi,0.,1,316648
19gbHtg9oMMmGm5G92MWXQJfkvpbicSniu,0.,1,316648
1AaLyPBMNZ9bWWLZq5qRukynQfEfaVAX95,0.,1,316648
1AqYiwZjwaxXrhqrsffJ7L5UEhJkSUMSMs,0.,1,316648
1AvXKttMexgaQsNZLyNdghuRMrJ52Xwiyh,0.,1,316648
1AxRUHm5m65vx5MAWM5aZVZ83hAYXsMwhr,0.,1,316648
1BEPnHmaGGoSv7jSM2Zwt8qZByZr7YnfvN,0.,1,316648
1CFWc8KB1eRu8FrhHgHiiPDbSFfpxJ1Aac,0.,1,316648
1DCpsNwNZVNJtwrLWj3mjpwnecRDXbNgYm,0.,1,316648
1DKdneUVTABfZHpjcVEwXdRypLxhNbTdT3,0.,1,316648
1DwKw5951pPmgGA7DHDejN24pr9scSRxkR,0.,1,316648
1Hh6k11StBWF7Q3jBndkYLsNckjW4xtKAp,0.,1,316648
1HrN7zXJ9JGGR74JZhp9yLuQuHmw2njgT3,0.,1,316648
1JEq29nsDKN3Bpdr19QDZTiNz3cugtdQrh,0.,1,316648
1JQxzD88fEDjt2HVLcXdHWNr94jmevWgGS,0.,1,316648
1N6ZPC5sV7CLfjLbAugc54kT8qCQF334xg,0.,1,316648
1PtdJKHzDGGz4XxC83ZGgvfVX9JL2PcuS4,0.,1,316648
1Q2Q2iiWDBdJf3SwCAqg2QL7TDpN6cfPAi,0.,1,316648
1emSgAu55Q8S81iz153Zwqim1ZvjPoM9n,0.,1,316648
1qMpUrQoU8ezzLr2VSXcyxXpDDSjzcagw,0.,1,316648
1335neF9sQvkDqwYJCSyNxoruBEyctDbBj,0.,1,316629
14v5f9jXz4fKj2UDBgXEzVJGZDURDFAYYY,0.,1,316629
15kx7tXsYMirCT2gmKYRS5y6xQdPutArmH,0.,1,316629
15yXPYk2CSwNiZAcmFGVGFjauJ2JN423PD,0.,1,316629
167MvtN2p69Ax1nnKswzN8c9qwBtiiRbtS,0.,1,316629
16WmF24JtGh7ixYbnbgbHECUecLwXTayCd,0.,1,316629
17GPbQmwGSRMb7QYs91jvx9jAZtvZVqXux,0.,1,316629
17MEqCqCXn4djhnhZ6EgYK2LmXTKZLnFhh,0.,1,316629
17hyhyDr1GF4zdztHWoo9QkTkdBGksumbC,0.,1,316629
17sk3wMpsBGDn46sGyihLNUmVHA2bXnrD3,0.,1,316629
193W9ayuLK35Dx3jmfiy16duPc2YkYP6sW,0.,1,316629
19wUqT7TK3XfKfu2CYyH5doFxKWqKWgUSH,0.,1,316629
1BBxpJpBvTGhtkA5jQMrNba8ZycCWNzUuc,0.,1,316629
1BfwhUZbpwHh4GUQsWfVnt6A5HZNoc5rMK,0.,1,316629
1C1f3xmaoe5Fj3XknKkzaY3ANYCb5NMG27,0.,1,316629
1CARjhjkxF4QkFRYrsZk9AUQBUK1Cdq4Ht,0.,1,316629
1CqUoBsoFdwCeW8agqC9srgkpRwSv3YoQy,0.,1,316629
1DEK74QYkarQiXgYD4siHp5cdVMuWPTobz,0.,1,316629
1Dnd4kEPSJmVdCnV6iRNHxmYfQDqFqK15C,0.,1,316629
1EbopHCkBLJteHufvoBDcSsfZngosVSvCj,0.,1,316629
1EjJybQ4N9RLQiEG3rRnvxvbPu6toxf5UQ,0.,1,316629
1Eqn6PyMSEiNrGiLXaSTf9VYXoo9HoFbLX,0.,1,316629
1F7Ynid4P2YmRMovcNaYtGJoPXXhDpDrNj,0.,1,316629
1FXa67x9Xp2UhoD83A7gnsc266RcMGjV3p,0.,1,316629
1FgiZTawANAaFkKJ9A9wzjvEWPpngEGtXy,0.,1,316629
1GESyGRfWwUW7mfoi1qkryubtjTrMqsJZj,0.,1,316629
1GGYXQq7CVSVWa4YtNRJohxyEmHSWmHAfK,0.,1,316629
1H7R3hU1yorQvxisg5UPfAkabPj7Wu7RH9,0.,1,316629
1HAHoTuahsYkGqGxGQa2NEqKAAg9wBv1w7,0.,1,316629
1JK8nTm81NGgUAxCMLAEfUdxiGiw7Jc8qR,0.,1,316629
1JmqTyNQewqnf8jFPx7VtFREJsQg7PyaZo,0.,1,316629
1KGzkTDYAmy2awLsQYoLQT7ZAAPzx9S1Vo,0.,1,316629
1NDhHMDVbbsxoyugNjtEAHc37V5LQwjvcL,0.,1,316629
1NRRhJk1sbJ5vZPfnc7UUrRZyinEJBSoKn,0.,1,316629
1NiwW95gV4AhX2zkX3va5FkV9JezrXxdcG,0.,1,316629
1PHxS6S6PD15kBYQAekPitUPuSwi3xXeEN,0.,1,316629
1Q1qoco8xXkdxEHiZ8ntbovmrbkQefBwuA,0.,1,316629
128iinmbQ22onxyFkwuqLwUsHB7YriFioe,0.,1,316586
12EwXaK5ERnpwbwynmM2tQsGtrv8ZaGXnU,0.,1,316586
12L9mdRaQjLZR24xULmcDfcmQYrCmCeEdt,0.,1,316586
13TPDVgBQhf9mDDKWTAK783Q3WRatrZWVV,0.,1,316586
13zDE13e1wxoAZKVfTr9qctnAkTphDmDFQ,0.,1,316586
15dDC45dUwtz8ZQKQ46DSb4zEcLARAPMXC,0.,1,316586
17GPXoGLJc2KSnmWSRox8ciDfj7F6HAtVE,0.,1,316586
17gGJW5rW1qk8B1PrLdxissqwCeUuGySxs,0.,1,316586
17uvFF3WatX3CDDKHRjdTSE7qUMAktVtKV,0.,1,316586
17x83gwA6fkn5Z4eqVmyuqfz7ayL8sNc4V,0.,1,316586
1C5V88aKjdDLtUPwQaZX98dUAissaMY8jt,0.,1,316586
1GLUgQUe1EjYL9xtc5DxCVLUHDSrr1gbrX,0.,1,316586
1GpPwHoAN4rwU53ZFTg8Caop6mF1mafeEQ,0.,1,316586
1JUe41kRfVN76kYVZhsBc4smQYLAHxp7rV,0.,1,316586
1L48bb8muHDtDLvXwrU8CUptdBu785Vz8a,0.,1,316586
1LABKG9AGwfJJzvqEWKa3pY9XofsV44x23,0.,1,316586
1Na5wkuLKHRnx3LcXbHoVunQK2V94szpLq,0.,1,316586
1PNFWbRS7TpkNK4P4DfCfU3tHA6Aa7dFF8,0.,1,316586
121JiMzuxVwYArrGPZx4p53MXkHpVPjqVB,0.,1,316500
169aRQdq4ubwR3V32AACsfz1GLhY64fLrs,0.,1,316500
16a9cmzeba1pahyG8s6UoPXi8Qd5eiVzi3,0.,1,316500
17Rda6sQs4QDtERssfhjdz1dS48cq1KKr1,0.,1,316500
18PXDXBgGLHrXUXen9E4iiSs3C9T1FrzRq,0.,1,316500
1BTqqvVbxQFj1tY37RyAuBiAJirqqiYpSs,0.,1,316500
1Bp7c9vN9TvVheMPkqj8umqz2713MafzX1,0.,1,316500
1CiCBJk5GHsCtHsmMxWAWBcBc4X7qCyvBH,0.,1,316500
1CzZMM9HkLwNNt5ouSbz1xzHH6B5qM2JTB,0.,1,316500
1DTQniBE3U3iV8NazTPb4sEBaWrWPXvNPu,0.,1,316500
1EtguB23BXT7ErtPvJFYbLBav5rbJZBzQY,0.,1,316500
1Fa5ipbPnBNbQS848sQPo9QvS9SUuNWPC2,0.,1,316500
1GbNUfKX72sKsd6Rk4bfof8U9hJrccSAR3,0.,1,316500
1HTy8L9Z7GpnuyE4gH2hhUatkMhhDspi63,0.,1,316500
1JXufzLNx4V8nZvLKvYKDzs1kNb4CYijRa,0.,1,316500
1PaufSJpSfcUi4h6mAcidoZWLCXkJt82xA,0.,1,316500
13J2QVeoCJhGqTyuVTpPX2Z53rt4BefXVT,0.,1,316488
13YacgWFTQTvmuEVjWSvAC5L2zZYbyQ1QW,0.,1,316488
13wSqMfbz3qLX6VUojVENJRvoSgDrQZKMh,0.,1,316488
148pRrinohqxsqPQt9ywvduhQrq3CE71BZ,0.,1,316488
15DBdCG7fao8dkWmHxDzEWLWN2kibw8VNr,0.,1,316488
15Fv9uWYwzuCc4uR89NspH6LTcycQCXupp,0.,1,316488
16RCmdAdiPsdyjZAZRHhPFkSNBxZz7u3fi,0.,1,316488
178U5WdUWdGTRQHUD79p3zpozJLiRyEbGR,0.,1,316488
