1DV8bgTL9J6yjgESxejBgD8AVHhWEwSxwp,0.,1,274186
1QEh45ASjz9DaDMWiKvec3VVdSYrUYyGxz,0.,1,274186
1Am7k6WxmzJD5iBLX3jxLvdpy8vaqKBurj,0.,1,274185
1Dnn2VrsVafyG9h6rsaECX5owitedg98dS,0.,1,274185
14JZn93dcEApXRSSDkmaCcN7koQqpCgXTy,0.,1,274183
16Bm4q1PerHJ2DbbHnap2bM43vHWUkidho,0.,1,274183
19EX5KMEfMpGtFnqZDUwChGxX5Fs7v97WQ,0.,1,274179
1BQUHCfbsoCrNoa8y9CiiyBTYqxaeKZppx,0.,1,274179
1LuaGJKahxFuwp5YypUTFDXk6S5bSh4XAc,0.,1,274179
11ue8afZxWveYKiz674x6rhUzNvungPww,0.,1,274178
1MvdYVZE3EjenXBRnUSPf7tCXhVVdaJuDY,0.,1,274178
1Bke4VXqZqjFq8g7KRFFbJUPn4hBbTsFuU,0.,1,274170
1DmhgBCq3KCFgX2Nq8ptkcGj7Rg5Kt3fcx,0.,1,274170
14ze8UZMk3VkXW8649U75aS5ZoGMXDPMEs,0.,1,274160
16T5rJGTg7katat5xs24Me1SosNbdmTU5v,0.,1,274160
1bJEjQ6b47GB9WZx7MTdWvwLPTQrHkcZU,0.,1,274160
1BPTcGttPHvhNKxW2n6f5qjFZibVyqSsJh,0.,1,274157
1FJ2up8uQLLpznE5tYREEt526op9kRX8XX,0.,1,274157
1MJYbyhVCSDA9eM4dtNTXZAnAug18utzza,0.,1,274157
14Efr62c9g5ijNmgthCF4tvYA1VpMWknLH,0.,1,274155
159FLet5dbpGBCqyhiaPJ8SLSVx3wcRCY7,0.,1,274149
1CnFBXzvMypTa6p5xpsKYT5Dft8CdvvqzV,0.,1,274149
1HY5CRm5nJkcU5wok9Rsx3CCM6b5Qq1Y7,0.,1,274149
1KoFwwkL7qhNnw99AUg2wvjPniDJXraGHZ,0.,1,274149
1NyNRRwHGmLCZuMKQBHHdcF6uqAv4XL93V,0.,1,274149
1PwDcyke79eXgB1HSr3aGAvZrxCCawPRjB,0.,1,274144
1ATQCtZ3nKRVvkPqLmiWXRND63kpxacZTL,0.,1,274131
1PBQwW34ArvTUis2xJVP7otAAa48kseZqq,0.,1,274131
1uYeonWYbFM4khN4ZREEQriDSUvGp5svG,0.,1,274131
1yS1Ap2NY44oLuLcahKv5KBaEyNEtr3TX,0.,1,274131
19jDzPrhKsS4otkBw8EjYzcj4zLiMPMi2B,0.,1,274130
1NMT9u4dacWGRw5KTejUx4HzjEFqchexgy,0.,1,274126
1B2sEMZzsCFTuBGiLzxF42Q4CmGia6jqoM,0.,1,274125
1HR4vPoUGirMpYRzinVtyrxhNWHmCgWqbP,0.,1,274124
1HhfUW5MsNrbXzhBQREaen7mR51e3B7pYq,0.,1,274124
12ev4YL8niGHGkDtae3SbTVStDrXNpLz8t,0.,1,274119
1DbqA2RijS5zWh2itKsfrdR4g92qrx3zip,0.,1,274119
1G7wzV59kXHVR53aTUgC4Q2MmYbeiGg27o,0.,1,274119
1BvesEbGo8AafsYtWa3QLZL7YP2n6xKdHZ,0.,1,274114
1CSN7ts1vp4EnNRyzho2ceAgk3DimiXmHu,0.,1,274114
1FkaBX3Sk1V1jUsm2T8Z5aLE7MaYj9BV6f,0.,1,274114
1NMagWGeYW3ks342yx6sbECPrhm2zgEEGj,0.,1,274114
183xP1K38cB6xVMoB8WFiGoC1FtXxDApA8,0.,1,274110
1B6MNTMFriygExLi5UoDrMVmo37L1o9ud5,0.,1,274110
1E2M9b5HHxuTaPjyDwD1tQ43qsEu53Svqc,0.,1,274110
1No6oTiRmmFSQjT689vJVLKHMEFd55HpLp,0.,1,274110
13JM2gCcNsvL3ujZcwdGCD6BAb5iKPSeSR,0.,1,274109
1ALVxzNhsdZ7CLHTXZYvidD43XMqsAukeB,0.,1,274109
1LFUqiWARgsSVkwtQ2GyivU8dvyhe6NDkG,0.,1,274109
13KAcPf4DPBM9uV3vaUPyFU79AK9Cs1AQW,0.,1,274108
1PEcPjvWvtVxQS4F5UJQg1JkWkStCX4QSY,0.,1,274108
1C6xZuD4iWXRbRXtN8cpELmfzBjaYr1vJw,0.,1,274102
1NuDYutRx4rGRLzUSZqvh215TYY8Sunnbe,0.,1,274102
175f7mBW2J5eq4T6iV2VAEx8qwFqEi1GTK,0.,1,274089
1MTorEqFQWPuayrUzUFUqXBVeKNNTjXVHG,0.,1,274089
19UPBjU2aNdLT1RwWLvrZvuDz67fpjzn1w,0.,1,274085
1DsTyp5EqrYrZb7KxRsqFnoaLCyoic81rA,0.,1,274085
1LmntG8EdMq18QBBucZptt4rv2ACGR9Ydp,0.,1,274085
1LtC3P1RXERWzaPrBuPQBvAyv6DKzpuXrN,0.,1,274085
13aM4MbTKVu8kECMvfGKEfMaQEPtwDekNG,0.,1,274079
1BGNAqWbkWdfHv1TWQoQDoHUUxZtXhqPdN,0.,1,274079
1H3WhsuMnqTtVmUAno2NJwcP5XSZMK8vgC,0.,1,274079
1K8mekz6eL4GBLfVbNNURonUPoZiV4HSMg,0.,1,274079
13mVgn6AKB4kuyWpywtqYdEy9ZDVrfCN8P,0.,1,274076
14P5VoSLyLLon2KYxbUfrcKTbjpcYuojZo,0.,1,274076
1BvnKbjMJdUfSFZuqxheGfGE9PPXhdW5r8,0.,1,274076
1ENn4kvqH4xtd6KE3R2PG2ac3oecnDsUL6,0.,1,274076
1GUX6tZr6UbjccoUqinyMrjQE4SaZYJ27C,0.,1,274076
1K3CuXiye6hqdeTrgviAu8xb1qwWeFg8ox,0.,1,274076
1Ny2LUjdwtQn9Fj1hXaMzs2DbtgZcYVjjj,0.,1,274076
1PfhVU2S53j4nDjHWjxXBpot4TisdUoes4,0.,1,274076
1EV16ZuzU58cxWMsbTi8zMmtvtL1cEdJid,0.,1,274072
1J57dftqQNQpC5XhHHaacV5NTrYpn14VhM,0.,1,274066
1D7L8uav4NdrzXT5hgSRVvu1TBUFK5jchv,0.,1,274065
1Lk6tqAjR5e6Sy2b7bwzvCzMqkonkUMYsR,0.,1,274065
19XBGqgizhFaenNcnZ9aey1mTDaFPgJ9bc,0.,1,274055
1CRC4UNDxuxuQBWM2pLyrN2Kj7w7KJ8bKd,0.,1,274055
154NC3RrSGdS7i48wDjWZcXTuDqqa5hezN,0.,1,274054
1A2B4y7euw5Ud8ChvrEYX8Qj1RECa7oAaU,0.,1,274054
13b3W9mkfn6RisAD6xV3BbEE4vJpGYVM1X,0.,1,274051
1HsaBZ424zpX7RjFrGNyamZXxhdXLZnAx4,0.,1,274051
1Kf5ZdyN3u6idkZcK1YQzFHKkbYcbVPPo4,0.,1,274051
123azSPCwmZZdXBsEUf6zpRbYpjE8nQq5p,0.,1,274050
1BmegQpRNYrdMjPDM9TKqDmv18hyf4Bn1F,0.,1,274050
1AmZfKuX3FcjGXvZvYXEN5DgJP2JYNv5Q2,0.,1,274044
1D3V1k8xqQnYXSEDR6tGvfF4sQJKdfJFbU,0.,1,274044
1HfYub4jhykQvMUhqMTyiLjUxoHWk6BPGP,0.,1,274044
1GqnyzaFZdCRNRtGKvZEeLroSJuKP1zAJz,0.,1,274040
15swMtNojj9jowzrNEdaGGU6EkEP6zbNHD,0.,1,274039
1J25SvB2iPbpp2hEieDCEALnHiaTYABjkP,0.,1,274036
1Psm98UbUrsmhkDTr4f1a2wZioW1cFeK9G,0.,1,274036
15N2kXnEizBJjp5TZ2eALoi3uf13Nwrv4g,0.,1,274035
1DbTxbxrAHFenSpzaYUDp2bpMwATmxaP1K,0.,1,274035
1N5dmUw6y7bmA7j38AmvrzFyNVMAC9MB4i,0.,1,274035
15CtqsEfJ3uvMFyg3MTZGL25yrRtk9UHYa,0.,1,274034
1ELPZ6CAiB8EXcpfuzFjVQUmy1tpXzEN6P,0.,1,274034
1H43w49bGdrrmspmGxGb38soUiNokNNtPL,0.,1,274034
1HLowuqESf24LhMp7M3bhpDwr79MtXU7PZ,0.,1,274034
1Jrgj3hBJSTfJ3NAP7XXM8wSJbXKr7DMAW,0.,1,274034
1KUy2hQUEvpKvPRB8jL38RvXtkmEyWj5v9,0.,1,274034
