1GYyf6m3sGTud9FV525aAwi6Y2Gy9dzdXM,0.,1,371016
1741G8dxS7sHF46D5Vf4H33HEzVmxRW5Mq,0.,1,370954
14KT3cvEv8LMAFD4YEi43ZkxEwE2ZaS5Fb,0.,1,370870
14vohdgSRk62WJwkw5qJo8SZ1nCumEELRv,0.,1,370870
1HumsBAub8MF8MdMkwZtCgWSzTibFtWSXH,0.,1,370870
1KqZ6r28UHARiKrqkmxJaKmqDLCR2PTVbV,0.,1,370870
17jTvgvrPKjTcAGVMq2YvrPoSDtb9eMrau,0.,1,370833
199M7dJbqow2CiemQWBo3sA9HwjGoXF7mV,0.,1,370833
1AxvdSp8swbLL3juxZKxZCowXF7dzxUzug,0.,1,370833
1E1z8TuTMKLwMxqanVpkM9QdnwUSK4SC3B,0.,1,370833
13FAi6ZHZq5K1RN7jN72SXFkV6qFjhZaKv,0.,1,370640
18WDAW6aDoPqkeSfRTWNPrtPbUfaEkL235,0.,1,370640
1EBnCEVqfLs4CB69bUJrWi5LTzFtyD7Tx6,0.,1,370640
12aB3aRAdFpPdGEkcLqTtwtKuybNFAnevm,0.,1,370534
13CXk6tKcVN39RGC3vLixLWjonCQ5uWRHL,0.,1,370534
18adPWMm96Jpn9KLSp7WkVJbqBW1LYtkvp,0.,1,370534
19tohTpXag7GefisYGVP9cdvJXSjtmEFs1,0.,1,370534
1GYCsDjbsSniHpbddWtTgq89ri6YhtKE8j,0.,1,370493
1PC89uqsy8KW77opm4svKRWp9cLu9xJ3FB,0.,1,370493
14VnRGbseb3LyFVoa56ic7bxNMr4rqY5ZJ,0.,1,370384
16dQhtHdTfc7NHbhxYRY5F3QUp6jnzJW23,0.,1,370384
1KmPVzNj6KpWXyQioW9wv9bCcJcW1HgAr2,0.,1,370384
1NQGUFxRnKKEEFfuWAp7YukjTPBA5Ft4BC,0.,1,370384
17shnJ22NCN1jgVenYuDHnR7nZPhPmeDpV,0.,1,370223
1EV9saJr6UD18hyugSLfwEYcXm1D4REHTf,0.,1,370223
1Fhw1mFwDdVU5sZJzGSta6j1Q1M2dNPnpS,0.,1,370223
1KgWVN8PdBoiwVi8FDxC5B64fXose5L18P,0.,1,370223
1LzxVyySGm59JrR82Fb8sK5XV9s8Jd8x9P,0.,1,370223
1N31wS9geg4keZeW56b6hgp1tAo7EfpVXn,0.,1,370223
1W1YrFbH5dgiqLtMGcRguRo7UEGSG25kM,0.,1,370223
16RkbwM7GL2E6VG53M73CmAWDKY6yDzrc9,0.,1,369928
16ZVrm8EDEv2D6sSTVk1byigJaZPgUtHyh,0.,1,369928
19tv3QocVbNFH7VXFi7aiQVaCPVJXyyVKX,0.,1,369928
1B1mJAJLevtM1tE2UyiAtMQigLafzbUoRL,0.,1,369928
1PKCTWsSmGizvbDQjHZzkArT3SdJPU2nFg,0.,1,369928
16xAhmCouz5fdeSfEvTZnqbwa1DxXwFMkY,0.,1,369640
1F7U6QyWQJ5N9pS29eapaWfx8vJQJsig2G,0.,1,369640
1LbvDyDU1s2H4qCUWLtJaEHPTGJBMVG77V,0.,1,369640
1P319Awdi97vVj5FP6BKqK45LmPC2rXBEt,0.,1,369640
1Ea6QAH1qCGtmLhJkzsdEWxv6qC4sJrieA,0.,1,369563
1A1s2b9QrsNCEaUH59raXUSTb1om7saYXF,0.,1,369550
14sbNiZdEk3ptve3GX93mUVCRMXmuYhWoN,0.,1,369513
1AzDFA8uVuaETDgv29gvgvjTQi623oDPDr,0.,1,369450
1BqbNWWkJzfXYSnTDcMUwiMNAP35qPNZ3C,0.,1,369450
15meovHj3RFHmLfa3TnnCZXh9ATvUcrHuy,0.,1,369357
17Z77BgkxZAq7B6Rowd8Hpsg7FUL79THH3,0.,1,369357
1CwXJ7XD4whjg5cJiUpW96rC9Qp79fzvdD,0.,1,369357
1LANxZ2WM6rF1uQ4maiicnhehCYXYMygbk,0.,1,369357
1NyJcHtMT5Bg4WH6TpwKDmwHVbDQdoaQgH,0.,1,369357
13cchFuwqpbQ9QT6zWADYNvL7cQBbkNmJN,0.,1,369215
16MeR8RhhAnFtr8MR7fJJaeGNQErPNKQdg,0.,1,369176
1CDbxWuThgTaRWT2a8ijrZ8XyZX4dxzyK6,0.,1,369176
1v8YunxBk5gixHyV1i25fLPSNsJ6hYL73,0.,1,369176
171YhGA5qaWNmkm3QPiBvKw7SDHvaxwPDw,0.,1,369035
17K6FQMVpUPbqJi2nWiCKfei3h9i6qpsX,0.,1,368973
15vrXtdHMfar1qKVSY4Vc3icr8Aa8y1cQw,0.,1,368964
18LonVe2QPseyBGxKVgnubD1HU3yqR55Dy,0.,1,368964
1PcBJD777eG36iB9juWza25zJGu29fRjHa,0.,1,368964
1BVz3ieLhaczQ1LwdQoYZydJSEZvT6T4G8,0.,1,368802
1BXnyL98QoEs88X8JaXcgNtVqFhDXvibP3,0.,1,368802
1BbLR8znJ2ZJRjG5TPNjNQDSUneGNDQtXA,0.,1,368802
1HoE5VCv2ue8t949TLsNmT72KGPS5C6qUD,0.,1,368802
1L356MSp2KtSjSU9kfmnEN9tXpdhKQZPZA,0.,1,368802
1MzRvxRCF5VmAgi54edKQFpJJymeJQ2Eb9,0.,1,368802
1JJ6LTjDPba6XTDp7AZxhTMWBmJBSpcRem,0.,1,368791
12NByNY9v9Y8kP3hmizQcsxoPTPd9FWytG,0.,1,368742
13nEfszykCXB4BK4Lbvrrv965HtUePP5mV,0.,1,368742
16CbGzUXwcBrwp3c5R8M9rwmCg99C3fUoM,0.,1,368742
1AnK1XdhTUu78ovQ3rbhhRScVN9HsYc2P3,0.,1,368742
1EvPwkAWqDKhb9sVmQkdi8vQGCUa291DGt,0.,1,368742
1G56acroFMyHnrMuzDSEHXjAnkCDbzmKN6,0.,1,368742
1M6M2qRJz5Y5p7H8pVCYyfBrghFB9Cn5f1,0.,1,368742
1G64qvtjCom12yUm2M3Lac4kKVMCEZdEAS,0.,1,368593
176anJ3uLzmjJ1yyqNc8xu76a6J7gR1YVp,0.,1,368454
1CtC1TPjgXrPLzx3hBAhFJX1crAsXS1XTp,0.,1,368454
1HCqpVFceCMYb4xRgNUWVRrjgwowj51AZm,0.,1,368454
15X3hQVFeVLobzcY4d2nCmK42odFWtx3kT,0.,1,368381
18fwLS528F64xYQQjjAWbw16HqdWzqD5dA,0.,1,368172
14ozWRTDHeqKY1bWiH4jWHiDATkZUsM83Z,0.,1,368021
18CATJpfjAv6HxwsFapoUtZnvZagFpqpsu,0.,1,368021
1Anzwj8tpJF75YN6Mc1w4f4gTZkVAJBMMH,0.,1,368021
1P4Ki6wGM3VkNe5mRrJzW3D7NV4z4dJybM,0.,1,368021
1PUDStP75zMpRWq68wtGeB5Bh7oQxJJy5a,0.,1,368021
1GCCbp73h1ScsHzTPtogJN2JVci1U1W6Ku,0.,1,367721
1BBvfcHjumkSRRwugdqhJo6BSjSvCPdYxu,0.,1,367707
1FR7itEtRHg5JF5389ABqw7LaRhNK5TdyP,0.,1,367707
19qsBqYrc8uNrH5yiui57iJbRQF6Bjntou,0.,1,367586
1Ev6CX24CBahNMrWTAKp6buArvpMB5rY2e,0.,1,367586
1KUMLZDwjatuah2CiL8jAidrtzkQ9Cy6bq,0.,1,367586
1PDBAEcGW4TUT5ohfpxZkWJDeERsmYEwcN,0.,1,367586
16uhfSxGb4p9cu7ijfgRuHUVWYQFspLe2E,0.,1,367426
18rFjCZS84Bo7gLJpikFEkKfA93TVZTh8f,0.,1,367426
1Kh5m2AHt3Fx8p5vDU7bQttMLg3qnKR9ae,0.,1,367426
17PSW345nFKr7qb3CiufuJUaCq2EXtpxCT,0.,1,367336
17xyv9JmD63mQK3x68ipWQ9HN7wURnK5kB,0.,1,367336
1EjmT34YBhaNwwPqYN8xE1vRmD8GDWd36X,0.,1,367276
1MBdfDyuQpuPYrkJeencGkxE35H9iQm1FR,0.,1,367276
1PLyBfdV9EYShxTLUaXxpLgKkENtygStSj,0.,1,367276
1C4bWosx4oVRPbZT7FFuywZzjboWBJtoJh,0.,1,367144
1Effg5YXxXDnhu7up3ahi1Gb5aAmqUDNnu,0.,1,367144
